1140
387 
712 
738 
725 
1119
304 
63  
601 
485 
237 
1153
1179
839 
880 
170 
406 
311 
989 
881 
924 
129 
791 
422 
1025
515 
298 
504 
867 
833 
859 
121 
1406
1134
1149
359 
929 
1049
927 
848 
935 
582 
257 
238 
262 
636 
204 
1009
7   
1021
658 
1391
241 
784 
662 
730 
272 
254 
899 
589 
679 
346 
345 
750 
1115
1108
626 
430 
760 
965 
904 
957 
561 
401 
483 
812 
1323
843 
712 
1936
632 
360 
112 
532 
931 
249 
1304
519 
1771
1290
1451
73  
349 
609 
765 
1486
497 
1038
450 
637 
64  
455 
698 
584 
461 
861 
321 
1641
842 
914 
1185
331 
264 
357 
591 
751 
631 
1580
477 
1051
703 
830 
1011
602 
735 
875 
362 
335 
867 
225 
839 
397 
222 
573 
413 
1108
930 
1273
234 
460 
924 
581 
773 
422 
985 
858 
496 
75  
1182
681 
253 
935 
394 
1023
465 
383 
483 
749 
847 
337 
686 
1216
401 
499 
1888
287 
721 
716 
155 
1089
832 
176 
1002
1702
826 
953 
1822
1203
981 
313 
784 
463 
598 
936 
136 
917 
315 
554 
428 
912 
681 
707 
398 
1040
734 
914 
433 
863 
821 
1092
280 
171 
65  
1538
1341
1623
926 
295 
895 
957 
705 
867 
989 
754 
1082
240 
272 
165 
384 
850 
826 
736 
679 
913 
1122
379 
1022
369 
648 
869 
465 
788 
958 
716 
103 
779 
1834
1444
822 
109 
879 
1082
984 
1251
1034
219 
1301
703 
952 
965 
303 
684 
683 
312 
137 
393 
175 
353 
863 
1635
976 
983 
1635
521 
302 
1177
977 
687 
259 
1351
669 
168 
971 
832 
408 
1562
312 
140 
90  
884 
518 
1030
344 
1036
976 
1692
379 
455 
829 
566 
422 
940 
361 
524 
226 
402 
114 
862 
350 
551 
139 
678 
131 
141 
1051
273 
1594
243 
923 
944 
576 
150 
1395
1315
1265
1369
1002
1540
941 
659 
416 
348 
860 
560 
685 
732 
148 
631 
1393
1104
587 
652 
581 
428 
819 
832 
737 
307 
38  
538 
1034
899 
850 
352 
899 
149 
535 
974 
1787
150 
984 
1579
385 
1091
954 
1008
935 
637 
1580
752 
76  
254 
704 
1072
1131
1221
779 
1564
463 
295 
1394
1382
1509
549 
258 
718 
173 
1255
321 
1103
512 
556 
431 
731 
636 
278 
141 
763 
1130
801 
767 
807 
904 
645 
881 
1517
1189
672 
650 
374 
664 
352 
341 
529 
483 
1125
377 
444 
901 
562 
593 
1805
1745
1847
495 
1449
1071
312 
952 
243 
1596
769 
951 
478 
900 
226 
578 
933 
1004
1071
962 
1791
156 
1004
717 
513 
601 
931 
557 
329 
421 
509 
1018
1588
1519
54  
1331
767 
242 
400 
654 
534 
283 
919 
736 
1096
581 
366 
471 
771 
211 
341 
112 
877 
413 
981 
701 
694 
413 
845 
127 
142 
351 
1276
648 
738 
206 
731 
1753
566 
186 
693 
473 
1036
1337
782 
60  
1205
673 
1581
262 
278 
251 
283 
1190
1121
982 
219 
51  
572 
642 
685 
428 
332 
114 
732 
172 
1297
234 
1057
831 
594 
510 
996 
486 
1570
476 
809 
861 
1634
182 
152 
169 
705 
989 
1215
675 
1039
520 
173 
1363
877 
662 
782 
658 
658 
405 
904 
1176
390 
90  
1165
744 
872 
1014
1324
224 
884 
414 
618 
900 
1050
877 
1059
283 
698 
751 
983 
1004
812 
998 
1013
1378
358 
575 
855 
550 
855 
1101
998 
964 
703 
603 
1272
647 
786 
583 
803 
908 
825 
625 
881 
376 
251 
1483
288 
216 
1304
1009
1144
339 
125 
119 
202 
134 
286 
879 
352 
136 
873 
908 
980 
984 
519 
334 
238 
144 
483 
1249
647 
1414
1191
1565
827 
397 
451 
316 
714 
582 
54  
823 
539 
1026
1000
845 
255 
348 
296 
739 
1047
1603
1547
780 
355 
980 
524 
443 
813 
1217
80  
843 
438 
676 
1170
762 
1020
850 
202 
1354
472 
252 
143 
1361
474 
434 
1813
760 
298 
697 
477 
792 
445 
1595
1241
1307
233 
1029
730 
1623
1835
1655
227 
1172
849 
797 
723 
554 
1376
1522
297 
766 
124 
889 
1349
796 
338 
903 
195 
69  
276 
630 
1209
793 
661 
905 
926 
218 
1001
1410
197 
665 
1471
1058
841 
695 
765 
1001
962 
322 
598 
883 
1459
947 
338 
677 
268 
371 
995 
856 
627 
665 
659 
1370
1156
766 
708 
243 
601 
958 
821 
638 
962 
463 
915 
1058
527 
107 
539 
509 
533 
883 
560 
571 
997 
330 
1071
1030
1007
772 
665 
121 
1041
183 
1532
520 
495 
257 
1484
476 
752 
987 
1649
563 
1454
542 
810 
880 
543 
765 
124 
1302
807 
1122
732 
591 
967 
828 
138 
861 
1438
1224
270 
932 
121 
676 
1005
1522
1005
339 
665 
915 
280 
860 
139 
708 
633 
590 
854 
535 
159 
497 
914 
559 
911 
947 
418 
258 
329 
524 
898 
1726
967 
891 
786 
803 
1257
913 
805 
743 
1366
720 
890 
672 
325 
408 
1757
256 
305 
560 
684 
1499
518 
233 
486 
904 
243 
1221
73  
740 
714 
529 
798 
1219
986 
134 
276 
403 
1429
303 
1010
167 
828 
63  
523 
852 
869 
898 
1007
852 
776 
1559
551 
1006
275 
1027
1434
1825
160 
401 
1867
203 
484 
908 
494 
1737
539 
1290
549 
928 
590 
157 
1283
955 
956 
795 
238 
897 
410 
526 
1149
834 
53  
791 
614 
831 
658 
934 
561 
775 
725 
1253
745 
440 
11  
82  
923 
108 
538 
455 
855 
1499
974 
784 
960 
845 
836 
411 
635 
657 
1652
1007
419 
680 
242 
713 
703 
319 
505 
376 
245 
678 
648 
144 
172 
596 
117 
1467
265 
538 
707 
1481
1048
220 
1597
626 
361 
1168
811 
403 
653 
457 
690 
722 
679 
195 
362 
1898
512 
688 
1203
1196
1738
983 
106 
846 
335 
776 
432 
457 
713 
442 
238 
779 
1030
744 
894 
219 
512 
191 
247 
574 
1333
881 
174 
1001
459 
36  
425 
319 
1410
165 
576 
527 
297 
916 
147 
928 
1016
898 
451 
164 
42  
789 
375 
460 
1284
166 
1117
1505
603 
1167
92  
191 
558 
835 
155 
746 
520 
620 
909 
906 
626 
574 
948 
824 
1759
528 
649 
342 
760 
239 
383 
880 
1036
130 
216 
679 
39  
122 
980 
1117
721 
847 
1267
421 
1010
1455
414 
706 
1146
1638
1034
336 
802 
944 
776 
435 
830 
386 
794 
798 
143 
343 
945 
96  
230 
757 
126 
1036
456 
1113
897 
541 
420 
575 
938 
1635
1041
498 
1125
565 
1128
166 
990 
591 
939 
806 
1010
815 
941 
755 
944 
92  
1613
1002
660 
131 
243 
1268
704 
84  
213 
480 
289 
241 
962 
463 
694 
691 
275 
382 
159 
606 
849 
1336
1014
1065
1163
581 
321 
645 
1784
1819
972 
73  
943 
1380
445 
854 
410 
686 
193 
986 
757 
286 
706 
63  
259 
314 
677 
387 
120 
826 
760 
697 
408 
1714
886 
184 
421 
148 
196 
1427
1522
391 
701 
1183
1295
940 
596 
997 
705 
194 
1328
813 
295 
1724
1399
474 
858 
619 
428 
1063
822 
683 
1052
823 
1652
509 
847 
95  
523 
180 
832 
608 
383 
1937
319 
499 
466 
938 
245 
788 
596 
810 
895 
918 
1170
288 
785 
508 
796 
927 
638 
1053
1223
845 
922 
856 
608 
802 
654 
747 
743 
674 
756 
346 
185 
1383
275 
934 
725 
749 
920 
143 
1100
510 
1015
1220
146 
535 
200 
427 
554 
739 
861 
1470
279 
611 
382 
399 
1230
570 
69  
265 
980 
517 
921 
462 
1026
1077
758 
389 
203 
40  
976 
1446
153 
1013
1235
952 
1262
1004
100 
178 
1076
471 
654 
785 
905 
634 
1755
250 
379 
161 
530 
272 
290 
594 
483 
1562
246 
962 
460 
783 
763 
602 
851 
689 
979 
945 
799 
1052
120 
220 
691 
1854
967 
277 
951 
398 
113 
1062
314 
1705
1382
813 
686 
445 
849 
698 
968 
142 
531 
942 
505 
1013
1056
482 
68  
615 
302 
660 
1522
1671
555 
115 
239 
691 
889 
379 
1014
185 
355 
670 
482 
242 
656 
1174
674 
903 
747 
301 
934 
997 
945 
942 
106 
320 
223 
733 
1219
272 
1179
955 
787 
717 
139 
46  
444 
230 
967 
1050
580 
543 
932 
755 
391 
986 
360 
908 
1309
922 
509 
776 
143 
180 
1057
957 
1117
597 
1508
497 
1184
215 
805 
754 
323 
520 
476 
415 
1262
838 
868 
877 
886 
389 
388 
867 
932 
1108
144 
66  
246 
1200
405 
649 
580 
581 
893 
201 
587 
829 
215 
184 
1001
472 
290 
1088
365 
143 
24  
230 
754 
695 
938 
853 
584 
702 
193 
1346
291 
439 
996 
581 
698 
281 
1038
439 
45  
1221
402 
1087
145 
1059
769 
836 
286 
570 
755 
829 
1165
789 
806 
532 
552 
946 
785 
727 
519 
753 
700 
569 
385 
450 
186 
1142
618 
624 
815 
808 
268 
430 
615 
541 
898 
766 
274 
387 
1492
882 
872 
1454
345 
846 
637 
1302
194 
666 
282 
1081
804 
629 
619 
1014
1535
1056
1263
1428
984 
829 
264 
498 
1025
1364
866 
867 
153 
200 
1310
381 
213 
165 
43  
210 
421 
773 
1690
1524
553 
820 
1026
599 
332 
118 
934 
72  
948 
1281
461 
1944
1662
855 
876 
1237
549 
1484
790 
190 
1574
293 
926 
678 
564 
491 
445 
855 
728 
497 
1565
957 
762 
214 
280 
386 
872 
685 
955 
157 
1205
119 
1041
924 
1668
529 
866 
190 
562 
1615
323 
1394
965 
846 
579 
787 
1138
192 
264 
616 
841 
422 
579 
536 
947 
279 
1161
619 
825 
291 
356 
750 
1038
975 
340 
394 
464 
965 
993 
593 
402 
990 
919 
526 
124 
1143
1721
813 
419 
364 
1746
330 
1210
86  
89  
737 
854 
478 
727 
611 
588 
755 
311 
1004
250 
1189
622 
1056
944 
1048
88  
968 
672 
1700
612 
419 
613 
846 
482 
299 
808 
858 
1391
200 
111 
638 
87  
446 
1470
560 
779 
352 
104 
316 
265 
172 
915 
907 
544 
673 
553 
648 
920 
272 
1001
626 
591 
290 
138 
788 
617 
763 
836 
316 
668 
49  
254 
147 
330 
667 
928 
678 
1137
181 
283 
705 
998 
918 
699 
393 
857 
503 
988 
588 
731 
773 
1499
471 
148 
910 
1328
417 
1440
107 
371 
807 
190 
730 
1075
668 
66  
891 
1491
255 
563 
1620
554 
925 
913 
492 
996 
1085
963 
245 
269 
389 
511 
119 
1161
774 
1067
418 
1264
29  
578 
583 
693 
119 
401 
427 
746 
761 
741 
965 
792 
562 
689 
684 
770 
999 
1370
1110
1087
1184
355 
77  
918 
627 
450 
850 
799 
1116
989 
340 
264 
375 
764 
717 
842 
562 
825 
148 
1004
696 
790 
837 
600 
347 
1045
667 
637 
1705
633 
1735
1018
677 
736 
806 
1025
409 
811 
871 
652 
132 
1123
1401
80  
412 
736 
1375
1249
749 
183 
568 
275 
910 
258 
1395
168 
1865
435 
342 
1250
1573
709 
941 
915 
545 
609 
975 
1457
855 
741 
441 
1274
849 
462 
712 
1305
1023
584 
168 
775 
1700
464 
1229
1061
184 
1392
211 
1582
168 
421 
1080
1056
847 
204 
886 
506 
598 
310 
521 
587 
425 
1003
893 
761 
937 
289 
662 
772 
1070
620 
486 
851 
376 
108 
97  
567 
729 
804 
374 
686 
791 
992 
143 
1777
123 
378 
822 
382 
895 
554 
600 
772 
1555
63  
377 
770 
561 
547 
430 
119 
291 
170 
1190
481 
1720
30  
858 
903 
1367
1297
1539
343 
226 
728 
826 
1515
1018
1258
1050
385 
1054
744 
127 
436 
912 
307 
1230
857 
411 
849 
831 
170 
906 
577 
439 
215 
1001
492 
267 
951 
1579
662 
871 
959 
649 
727 
483 
257 
199 
757 
335 
638 
591 
1459
1422
814 
556 
118 
443 
598 
978 
1017
922 
753 
242 
915 
683 
1668
1018
1484
369 
633 
818 
398 
849 
505 
1043
390 
769 
1641
506 
447 
370 
456 
474 
508 
910 
1341
411 
697 
305 
982 
416 
1320
1749
223 
411 
178 
911 
1062
103 
226 
1120
921 
976 
830 
627 
903 
104 
551 
143 
1023
1056
876 
925 
984 
893 
851 
135 
800 
1159
585 
704 
978 
978 
718 
733 
278 
689 
562 
265 
1577
159 
625 
1110
1030
200 
813 
535 
1468
884 
258 
767 
528 
662 
756 
696 
283 
879 
558 
849 
1009
1224
67  
1480
1006
486 
272 
404 
968 
339 
1199
188 
600 
225 
527 
364 
928 
866 
843 
356 
307 
491 
460 
65  
161 
206 
1174
1044
1307
631 
637 
1005
568 
780 
578 
123 
277 
741 
918 
796 
96  
566 
864 
1044
520 
730 
1281
842 
991 
1076
1940
1591
559 
725 
397 
1030
1145
995 
533 
577 
723 
972 
298 
894 
1037
638 
1012
278 
394 
410 
265 
1355
1479
337 
967 
700 
533 
863 
1083
296 
839 
1115
986 
885 
1252
1810
808 
151 
903 
868 
578 
591 
498 
556 
1355
641 
320 
756 
241 
298 
1518
529 
974 
1206
295 
1504
1493
44  
970 
660 
713 
1056
229 
1404
121 
1034
517 
760 
1495
61  
1169
908 
1019
478 
1155
741 
1292
1059
567 
1121
1540
420 
153 
165 
513 
622 
800 
678 
270 
1121
680 
1261
379 
1044
270 
538 
387 
1467
316 
1038
703 
423 
760 
761 
360 
715 
866 
812 
274 
858 
816 
170 
1491
683 
1091
531 
394 
972 
636 
293 
501 
677 
611 
808 
1702
447 
1422
466 
919 
458 
589 
202 
714 
955 
504 
1088
403 
912 
821 
478 
811 
268 
1287
1330
1125
605 
335 
366 
646 
835 
1531
870 
1212
308 
135 
733 
443 
468 
274 
565 
1762
809 
943 
849 
1839
1304
1001
1059
582 
733 
380 
253 
451 
129 
26  
368 
713 
755 
775 
134 
1580
308 
1033
865 
401 
1258
1046
234 
1663
117 
786 
146 
795 
798 
103 
1168
367 
92  
878 
287 
438 
642 
198 
140 
916 
903 
294 
1003
926 
1873
284 
313 
1412
953 
733 
882 
568 
522 
1065
1007
849 
252 
681 
1017
692 
811 
1335
553 
494 
1581
148 
241 
786 
545 
435 
711 
303 
364 
1344
1487
53  
944 
1450
1727
259 
871 
557 
173 
1024
35  
1141
525 
940 
670 
1287
992 
881 
737 
418 
588 
700 
885 
491 
1346
491 
443 
1183
34  
779 
579 
259 
1572
749 
562 
272 
74  
1204
312 
506 
1016
885 
527 
1312
663 
1353
699 
124 
978 
1173
508 
557 
298 
1009
1309
49  
194 
341 
380 
858 
187 
1072
1055
247 
1257
1097
752 
355 
957 
515 
362 
914 
462 
430 
1544
351 
1018
631 
954 
825 
321 
1368
533 
801 
178 
986 
1375
49  
88  
760 
262 
745 
232 
232 
1155
711 
521 
441 
736 
414 
963 
503 
404 
594 
648 
950 
919 
898 
550 
174 
711 
1074
423 
148 
1836
714 
133 
427 
210 
472 
565 
860 
727 
1340
1060
873 
180 
1008
434 
1089
485 
102 
693 
1432
528 
923 
1160
1010
366 
368 
668 
611 
902 
750 
1056
965 
113 
772 
1562
1396
385 
921 
103 
506 
404 
1287
145 
954 
431 
1655
374 
575 
373 
255 
840 
816 
675 
909 
1313
904 
540 
938 
429 
751 
1366
937 
545 
513 
702 
1230
662 
1018
351 
839 
374 
1460
167 
43  
762 
416 
932 
636 
1017
267 
1366
1151
1074
436 
826 
229 
721 
1415
1591
165 
363 
871 
1767
187 
240 
453 
1439
241 
670 
1555
419 
421 
159 
401 
530 
1305
201 
1404
702 
1309
717 
871 
1027
818 
166 
582 
873 
658 
971 
1719
818 
274 
1323
1071
370 
85  
871 
308 
689 
767 
284 
90  
174 
754 
705 
681 
951 
527 
190 
372 
1033
666 
1206
200 
695 
1160
223 
513 
148 
319 
179 
259 
630 
1441
885 
1763
177 
832 
272 
1123
930 
1002
469 
308 
1576
1144
749 
123 
1324
925 
83  
276 
609 
291 
982 
167 
948 
328 
1509
43  
887 
814 
1219
458 
426 
680 
1259
891 
562 
1705
927 
1818
573 
676 
279 
60  
1093
1014
1080
1027
1693
934 
401 
263 
593 
214 
37  
986 
1437
181 
177 
1032
889 
787 
962 
466 
975 
681 
160 
728 
721 
1159
735 
1157
673 
365 
358 
610 
644 
949 
398 
319 
488 
414 
655 
936 
383 
973 
497 
163 
725 
946 
999 
183 
597 
804 
684 
570 
838 
1438
154 
912 
58  
654 
354 
523 
1300
1034
383 
998 
437 
853 
795 
1196
870 
1033
863 
193 
271 
675 
361 
909 
869 
855 
472 
179 
1513
84  
731 
431 
995 
1612
623 
589 
1346
1464
555 
422 
736 
1129
696 
823 
1604
377 
1246
387 
420 
600 
1280
964 
855 
1789
660 
908 
600 
379 
178 
381 
257 
612 
1267
651 
823 
938 
1001
944 
1090
797 
413 
723 
444 
138 
659 
1260
526 
375 
729 
421 
815 
710 
1128
195 
270 
1418
963 
749 
1011
324 
780 
854 
575 
707 
1051
827 
548 
229 
945 
1003
688 
80  
474 
759 
391 
1076
1393
641 
596 
941 
77  
734 
1298
574 
1338
901 
755 
261 
1884
94  
1237
1584
465 
650 
674 
669 
443 
858 
263 
567 
1107
588 
868 
538 
1523
1356
1120
510 
1761
753 
1388
503 
589 
466 
770 
841 
681 
588 
113 
962 
853 
685 
491 
181 
954 
284 
477 
1676
919 
925 
1373
1019
757 
848 
476 
1376
954 
1580
1177
1489
118 
780 
200 
144 
736 
641 
1051
679 
219 
506 
619 
748 
575 
1017
971 
671 
317 
1005
292 
931 
179 
545 
1469
796 
591 
128 
966 
1373
524 
689 
614 
270 
18  
281 
159 
148 
604 
521 
874 
249 
349 
906 
627 
1746
1421
900 
801 
953 
394 
808 
964 
284 
31  
685 
576 
654 
139 
477 
1016
710 
148 
1070
751 
362 
261 
854 
850 
563 
995 
1032
367 
1154
1014
775 
915 
829 
281 
309 
1036
665 
1002
100 
653 
174 
834 
541 
944 
1505
152 
839 
326 
1235
563 
282 
244 
743 
1269
716 
1121
945 
678 
135 
392 
1136
979 
986 
567 
392 
347 
242 
922 
796 
385 
388 
747 
575 
592 
1136
313 
812 
1008
795 
472 
725 
713 
934 
525 
1645
945 
625 
1127
903 
167 
311 
233 
492 
894 
606 
747 
824 
500 
478 
558 
1015
271 
561 
405 
936 
580 
978 
647 
310 
1772
385 
669 
828 
1182
914 
758 
971 
39  
756 
1106
376 
260 
1820
446 
710 
721 
255 
565 
627 
365 
865 
891 
785 
1526
416 
557 
134 
912 
1743
725 
1063
511 
594 
1752
885 
360 
176 
263 
1048
557 
1060
509 
576 
554 
680 
152 
280 
1389
631 
1754
393 
1970
397 
576 
770 
226 
408 
360 
559 
274 
59  
86  
1289
588 
1396
647 
1932
819 
1323
164 
818 
883 
514 
1378
576 
792 
81  
1710
55  
948 
573 
232 
473 
1490
885 
940 
1298
1226
101 
676 
149 
913 
1420
560 
541 
596 
1828
424 
89  
485 
1102
344 
638 
410 
1460
328 
329 
814 
480 
1468
1065
358 
647 
1384
775 
450 
552 
653 
542 
473 
748 
414 
147 
450 
603 
1032
290 
949 
826 
893 
144 
717 
1097
999 
934 
609 
970 
1602
428 
29  
467 
1386
746 
871 
213 
1133
970 
293 
147 
457 
617 
425 
65  
409 
121 
158 
180 
449 
435 
101 
792 
425 
1000
731 
631 
141 
351 
347 
1393
994 
1025
822 
824 
140 
437 
608 
1012
1286
95  
1212
1156
392 
308 
571 
844 
957 
571 
440 
963 
703 
1443
595 
152 
1524
107 
945 
1003
941 
551 
346 
127 
165 
594 
594 
472 
424 
1013
917 
829 
1430
492 
312 
569 
1235
494 
368 
1502
889 
868 
1004
630 
415 
225 
439 
136 
220 
519 
320 
1538
263 
371 
1739
758 
1826
236 
1398
1042
1576
818 
138 
827 
1124
932 
995 
341 
196 
349 
1348
793 
353 
918 
85  
640 
809 
954 
971 
551 
711 
210 
321 
1616
708 
903 
91  
876 
468 
381 
671 
1036
240 
1022
665 
469 
1200
756 
780 
687 
931 
1626
935 
920 
238 
1280
357 
1659
864 
131 
397 
563 
317 
972 
700 
623 
422 
420 
840 
62  
952 
841 
579 
140 
269 
827 
304 
1381
835 
646 
914 
882 
197 
1061
397 
1470
95  
141 
855 
752 
545 
190 
1354
785 
1120
181 
243 
1022
1471
819 
391 
1221
889 
323 
581 
1073
749 
662 
1044
110 
160 
571 
310 
669 
698 
321 
444 
580 
144 
860 
923 
163 
513 
895 
156 
1028
750 
1011
1490
530 
292 
442 
757 
953 
924 
252 
763 
735 
1043
217 
1146
1137
781 
1000
92  
598 
771 
581 
1691
296 
362 
112 
785 
23  
754 
464 
317 
374 
980 
1907
782 
528 
529 
1494
431 
940 
1465
689 
206 
22  
132 
275 
857 
1291
480 
435 
243 
995 
994 
617 
772 
1107
489 
1035
706 
924 
122 
156 
162 
1202
211 
942 
1306
204 
1141
774 
518 
1038
263 
544 
866 
1358
1332
716 
935 
746 
990 
198 
263 
619 
949 
988 
1147
476 
546 
1535
909 
443 
847 
883 
169 
602 
255 
141 
453 
729 
772 
1212
1302
1173
916 
193 
1203
745 
404 
1325
1346
74  
808 
576 
724 
730 
115 
1489
708 
1898
431 
1710
333 
1193
749 
987 
905 
325 
363 
161 
355 
347 
642 
642 
413 
621 
815 
734 
583 
290 
1338
755 
821 
1012
1267
1136
1167
1008
353 
962 
1291
1160
679 
1016
559 
686 
492 
328 
998 
382 
431 
826 
620 
737 
1077
857 
690 
622 
206 
1023
1014
858 
470 
845 
710 
159 
1806
328 
145 
312 
77  
91  
1580
586 
945 
1146
688 
506 
540 
519 
1259
292 
103 
972 
898 
303 
837 
230 
1227
391 
382 
1370
1649
275 
383 
314 
298 
54  
1106
322 
209 
922 
884 
911 
743 
1046
851 
62  
933 
311 
804 
408 
138 
560 
674 
877 
1063
573 
174 
1260
894 
867 
780 
692 
775 
973 
888 
834 
851 
703 
1197
305 
906 
387 
846 
395 
642 
1003
596 
738 
1785
150 
421 
674 
810 
631 
409 
524 
820 
383 
264 
703 
1026
230 
967 
689 
1256
670 
875 
975 
1318
337 
1733
647 
564 
982 
750 
577 
771 
903 
1259
353 
614 
1003
365 
848 
583 
827 
860 
917 
1025
254 
997 
946 
833 
1141
196 
872 
1106
1032
255 
474 
518 
36  
821 
1823
819 
884 
573 
1263
517 
492 
830 
628 
433 
219 
926 
370 
1885
1141
82  
277 
536 
1071
808 
693 
1394
333 
499 
232 
347 
1148
826 
1525
973 
289 
83  
355 
883 
1024
328 
872 
976 
559 
938 
711 
86  
155 
852 
429 
887 
724 
273 
988 
19  
343 
299 
937 
285 
905 
477 
519 
1070
874 
396 
321 
271 
894 
529 
940 
1599
381 
309 
992 
342 
890 
806 
900 
1104
1393
873 
792 
873 
488 
709 
429 
1937
1170
112 
577 
791 
414 
515 
772 
1105
630 
739 
519 
320 
735 
242 
586 
185 
355 
1371
403 
1736
193 
891 
105 
377 
1586
170 
669 
487 
824 
1092
415 
959 
149 
278 
27  
1140
212 
268 
1078
91  
1099
888 
989 
425 
954 
183 
837 
494 
1000
1709
867 
831 
977 
45  
673 
804 
299 
681 
1018
749 
997 
1027
633 
462 
907 
1110
158 
1207
686 
455 
901 
620 
969 
194 
893 
1013
366 
1179
958 
461 
1198
925 
58  
774 
1177
1035
715 
174 
1080
875 
728 
132 
781 
547 
897 
250 
1463
1016
855 
764 
207 
818 
239 
1407
682 
743 
603 
266 
1017
426 
962 
794 
636 
916 
825 
456 
843 
104 
985 
1816
1014
956 
1642
357 
824 
905 
977 
904 
1306
1209
987 
1340
493 
710 
1012
789 
455 
817 
1119
381 
596 
1344
215 
1851
377 
639 
185 
446 
918 
231 
539 
1674
161 
816 
1689
1695
757 
1049
665 
1129
414 
352 
399 
712 
802 
954 
431 
782 
705 
771 
417 
651 
1779
288 
643 
597 
1219
740 
299 
264 
507 
1256
980 
371 
782 
499 
433 
821 
1025
1024
1043
760 
152 
1024
652 
1292
127 
136 
224 
910 
389 
830 
918 
1042
1167
1569
694 
103 
1268
711 
410 
283 
711 
761 
215 
930 
210 
1120
899 
98  
449 
972 
550 
1027
192 
201 
73  
750 
476 
857 
200 
542 
578 
946 
195 
710 
881 
751 
471 
470 
988 
665 
424 
290 
617 
245 
819 
653 
834 
208 
1585
155 
216 
1143
93  
1061
917 
528 
195 
57  
513 
857 
556 
686 
376 
574 
57  
863 
1512
852 
804 
81  
747 
237 
1229
320 
291 
717 
641 
418 
1043
476 
946 
1124
1005
642 
853 
1001
158 
1034
767 
1381
1240
244 
466 
1027
264 
419 
899 
217 
462 
904 
756 
9   
1584
175 
1075
334 
1098
1081
217 
855 
108 
1401
186 
813 
235 
409 
389 
599 
706 
893 
1327
728 
114 
424 
484 
924 
445 
403 
1504
1611
453 
287 
978 
693 
85  
664 
738 
897 
434 
126 
901 
307 
1038
1092
419 
327 
334 
882 
566 
1131
992 
840 
1009
824 
552 
301 
1264
204 
222 
99  
1389
884 
310 
672 
295 
623 
418 
350 
430 
214 
968 
821 
300 
720 
321 
408 
1058
925 
657 
734 
756 
338 
831 
372 
1073
822 
365 
1733
1066
990 
1824
430 
1057
551 
312 
1290
970 
708 
182 
596 
545 
70  
500 
951 
397 
544 
658 
709 
1651
435 
1788
1183
577 
115 
622 
353 
1025
784 
431 
928 
420 
626 
958 
362 
912 
416 
1149
429 
167 
971 
1384
125 
800 
878 
774 
177 
654 
444 
833 
1205
970 
1000
625 
634 
115 
1228
130 
310 
376 
1221
822 
852 
153 
481 
628 
1060
927 
1414
788 
58  
1716
856 
108 
1331
907 
404 
147 
373 
1009
1544
528 
660 
1115
360 
946 
1177
412 
62  
1144
577 
1717
1727
185 
206 
556 
566 
1004
331 
1074
1175
1121
952 
253 
309 
714 
91  
121 
520 
719 
1547
287 
788 
1470
750 
483 
442 
448 
656 
409 
863 
510 
491 
1445
944 
377 
941 
1427
760 
1010
446 
563 
758 
349 
905 
904 
1768
274 
631 
580 
478 
930 
844 
817 
1137
128 
1572
706 
1041
653 
973 
43  
573 
695 
246 
548 
622 
1118
795 
1600
1082
773 
432 
525 
135 
1638
1291
260 
765 
852 
820 
268 
1341
864 
852 
1111
399 
975 
1015
1104
194 
482 
875 
29  
897 
551 
832 
360 
940 
39  
934 
856 
260 
1385
966 
476 
458 
1002
933 
919 
1216
822 
649 
1036
619 
798 
599 
570 
684 
470 
1144
1001
414 
743 
48  
909 
1031
405 
445 
614 
1339
615 
944 
406 
136 
118 
1101
290 
674 
282 
471 
972 
279 
1033
918 
923 
526 
90  
819 
991 
1267
1250
1010
1189
901 
925 
842 
911 
736 
646 
1437
473 
1213
665 
372 
447 
625 
732 
1085
768 
658 
311 
436 
85  
269 
644 
552 
752 
1194
405 
427 
991 
902 
931 
834 
488 
1021
353 
665 
1040
993 
634 
349 
765 
220 
697 
300 
942 
547 
586 
839 
795 
1545
331 
1091
1794
58  
807 
462 
1394
788 
212 
1010
778 
770 
718 
298 
1330
389 
1508
1038
896 
986 
672 
978 
1105
797 
863 
836 
1003
1060
623 
367 
561 
822 
414 
761 
1071
1019
249 
336 
104 
1059
1757
896 
225 
203 
1030
1004
658 
502 
811 
814 
855 
882 
925 
756 
528 
484 
1085
403 
1206
897 
1360
284 
838 
547 
1117
62  
719 
475 
93  
1006
144 
1052
318 
266 
920 
1334
900 
683 
511 
971 
588 
219 
1464
1007
1099
1057
958 
1486
118 
1548
261 
731 
1047
522 
843 
371 
112 
1589
810 
220 
1400
1184
779 
362 
352 
966 
438 
885 
851 
1066
1049
1006
988 
706 
731 
558 
156 
1295
257 
293 
918 
341 
388 
471 
325 
1044
454 
398 
761 
175 
167 
597 
893 
391 
140 
998 
343 
943 
89  
1846
449 
358 
285 
614 
981 
850 
367 
894 
145 
678 
1015
1066
612 
447 
72  
915 
1078
690 
479 
511 
612 
313 
827 
782 
861 
461 
1339
274 
694 
1705
543 
910 
693 
838 
852 
103 
240 
1003
275 
871 
1158
128 
419 
924 
671 
759 
1303
351 
96  
344 
851 
145 
358 
773 
644 
11  
883 
782 
1175
1744
1279
558 
217 
1103
255 
807 
407 
730 
459 
216 
1466
442 
821 
1681
669 
514 
631 
561 
673 
1065
260 
886 
101 
788 
884 
252 
676 
75  
1624
1410
450 
624 
532 
1622
1082
37  
1282
66  
1003
841 
1007
549 
1773
899 
1127
1030
589 
807 
1002
344 
1284
679 
412 
913 
164 
603 
1062
355 
478 
226 
474 
693 
478 
423 
246 
1947
296 
489 
357 
985 
1451
868 
1574
204 
206 
1225
585 
108 
290 
801 
1017
643 
809 
1214
1756
716 
1511
801 
821 
337 
408 
705 
551 
395 
557 
577 
541 
817 
521 
639 
871 
858 
1411
107 
1062
856 
891 
164 
292 
1315
700 
741 
254 
612 
169 
717 
965 
864 
1493
488 
868 
613 
81  
303 
790 
245 
479 
995 
571 
134 
389 
1742
530 
62  
274 
1113
772 
953 
245 
523 
937 
548 
318 
1352
1347
390 
699 
1096
1828
1681
454 
186 
282 
580 
808 
496 
1080
720 
1123
1081
495 
747 
470 
1196
1216
575 
992 
854 
365 
996 
869 
725 
311 
688 
1000
560 
1259
341 
589 
950 
743 
293 
783 
1432
985 
1025
804 
1360
588 
1147
898 
103 
214 
133 
1626
920 
444 
998 
116 
549 
408 
1078
1203
1011
1035
354 
395 
880 
455 
244 
1090
550 
203 
539 
771 
1058
874 
412 
796 
927 
656 
454 
1400
646 
429 
223 
142 
713 
911 
769 
114 
880 
173 
719 
561 
540 
119 
482 
173 
499 
1404
1305
442 
714 
1364
800 
728 
675 
337 
371 
534 
968 
1300
513 
699 
1213
182 
358 
611 
1753
460 
1683
1190
372 
339 
971 
528 
971 
105 
581 
327 
102 
75  
944 
1013
438 
283 
356 
677 
1419
454 
834 
1028
504 
870 
741 
149 
536 
946 
611 
222 
705 
232 
493 
1049
1659
849 
554 
414 
337 
496 
1022
412 
1040
1094
1134
700 
722 
908 
215 
1345
353 
281 
855 
616 
1000
315 
1504
669 
1050
414 
157 
675 
618 
1610
68  
465 
525 
725 
95  
115 
654 
897 
1195
1497
277 
1202
74  
844 
369 
510 
562 
503 
483 
516 
402 
1263
978 
966 
891 
1335
1302
152 
665 
129 
389 
495 
720 
389 
755 
777 
1248
969 
1082
950 
932 
175 
377 
553 
440 
849 
586 
1184
323 
366 
1058
1520
911 
316 
338 
962 
776 
686 
705 
1093
649 
1204
810 
806 
1264
973 
798 
333 
488 
1541
1054
384 
95  
1160
83  
155 
717 
209 
660 
997 
356 
1485
715 
797 
721 
1024
857 
438 
805 
655 
754 
68  
789 
424 
1769
656 
496 
772 
223 
240 
680 
363 
665 
1084
156 
416 
405 
113 
481 
558 
306 
1492
877 
182 
1047
962 
546 
1757
1409
618 
553 
1004
527 
692 
910 
456 
79  
319 
418 
1849
278 
1412
684 
940 
600 
791 
862 
520 
732 
481 
534 
737 
247 
1120
1221
915 
939 
1001
818 
1473
914 
939 
86  
474 
776 
139 
1047
592 
709 
465 
385 
499 
316 
1088
657 
1046
922 
1281
606 
330 
851 
881 
91  
825 
65  
344 
890 
795 
148 
171 
183 
721 
1045
1940
1771
328 
1057
513 
1587
764 
235 
626 
553 
132 
996 
1223
1500
1377
285 
614 
1000
872 
465 
320 
542 
574 
774 
517 
1583
1028
503 
437 
308 
395 
909 
208 
72  
1032
813 
1686
540 
83  
442 
730 
1340
1312
310 
692 
849 
76  
911 
449 
448 
616 
1591
749 
480 
78  
706 
729 
1444
54  
270 
1317
917 
1626
656 
201 
675 
388 
948 
835 
1003
1088
1367
85  
105 
730 
763 
856 
1101
605 
669 
1203
1117
573 
248 
895 
975 
566 
739 
965 
385 
608 
249 
291 
764 
354 
239 
1196
548 
710 
855 
918 
818 
183 
953 
1002
877 
632 
445 
312 
149 
351 
601 
1558
361 
640 
677 
625 
509 
890 
774 
730 
1264
74  
1289
496 
685 
475 
237 
404 
30  
1054
684 
189 
369 
490 
957 
997 
694 
588 
378 
488 
283 
32  
142 
1059
779 
643 
930 
876 
932 
426 
193 
431 
1741
1351
910 
152 
415 
908 
604 
636 
1165
270 
943 
227 
557 
1172
1165
709 
1513
905 
864 
1357
940 
993 
177 
536 
947 
798 
1077
43  
258 
435 
565 
816 
512 
776 
771 
1104
762 
1055
554 
1413
310 
1206
1289
324 
1086
328 
184 
777 
680 
755 
959 
959 
1348
318 
424 
110 
129 
976 
1313
691 
792 
1682
445 
203 
578 
353 
790 
1596
931 
1468
223 
952 
169 
793 
297 
553 
286 
848 
94  
703 
206 
991 
386 
532 
811 
963 
410 
859 
791 
591 
884 
178 
1438
1082
813 
389 
773 
178 
1457
802 
595 
1006
52  
354 
1203
548 
188 
928 
608 
458 
501 
969 
1093
911 
266 
999 
1033
357 
831 
798 
499 
256 
748 
858 
875 
170 
938 
809 
472 
923 
590 
1138
486 
1029
181 
362 
269 
826 
597 
743 
1061
1366
487 
155 
349 
622 
1708
686 
957 
90  
384 
443 
1282
1162
561 
1028
398 
1013
346 
1281
761 
142 
523 
559 
649 
593 
1872
521 
1569
1142
578 
119 
1166
617 
522 
408 
124 
178 
916 
782 
906 
818 
130 
464 
1015
76  
510 
527 
1078
999 
695 
1454
1292
981 
88  
111 
188 
546 
559 
685 
1192
116 
1371
288 
1774
1373
1313
807 
929 
1624
1363
1116
879 
921 
890 
1630
875 
238 
836 
29  
569 
929 
1482
506 
809 
409 
898 
1045
542 
1205
746 
215 
326 
1074
185 
1379
871 
642 
970 
966 
852 
921 
997 
140 
267 
692 
1257
143 
112 
954 
823 
471 
991 
795 
779 
605 
173 
1469
923 
649 
925 
928 
1129
1066
561 
1724
304 
1344
436 
845 
541 
109 
140 
670 
1008
952 
1149
108 
282 
915 
682 
651 
687 
813 
777 
689 
293 
123 
1439
706 
369 
751 
940 
1168
701 
173 
466 
956 
427 
681 
1817
582 
839 
294 
681 
217 
504 
793 
628 
944 
971 
467 
1181
1117
97  
475 
247 
98  
396 
1112
260 
335 
494 
213 
763 
606 
896 
716 
291 
842 
905 
922 
853 
545 
877 
105 
745 
386 
776 
375 
116 
327 
798 
668 
701 
48  
1206
321 
904 
518 
511 
883 
1027
383 
952 
560 
608 
1397
1050
213 
634 
909 
146 
516 
868 
330 
1562
1030
269 
269 
618 
1010
1037
513 
290 
691 
925 
77  
248 
236 
746 
1670
455 
213 
194 
183 
910 
97  
151 
353 
810 
672 
779 
424 
403 
1236
125 
292 
187 
284 
962 
918 
487 
502 
466 
477 
87  
400 
309 
467 
621 
43  
863 
1377
1005
806 
977 
186 
1079
1033
1166
1035
823 
277 
1031
752 
897 
67  
1221
341 
1489
1496
1182
897 
520 
38  
1650
1263
427 
481 
331 
693 
782 
419 
189 
919 
518 
323 
267 
211 
967 
216 
204 
248 
93  
527 
205 
598 
1380
1051
658 
1359
386 
826 
1012
623 
306 
419 
699 
839 
640 
1673
574 
703 
1409
422 
1596
299 
371 
866 
484 
260 
769 
236 
395 
180 
446 
916 
598 
972 
120 
709 
196 
1740
999 
523 
225 
758 
427 
906 
942 
712 
502 
998 
1059
900 
1128
1688
968 
1458
1754
1220
423 
343 
986 
946 
515 
1823
291 
1048
126 
1511
890 
183 
387 
1163
771 
470 
749 
293 
943 
908 
810 
915 
393 
592 
750 
609 
1266
684 
922 
737 
1323
1755
717 
1319
594 
238 
35  
574 
1339
187 
760 
458 
1711
638 
926 
1419
1240
374 
147 
975 
804 
287 
919 
962 
1097
476 
749 
644 
976 
247 
822 
414 
566 
97  
468 
1600
813 
441 
152 
1267
136 
329 
604 
983 
749 
182 
111 
681 
721 
505 
1797
1223
320 
1647
1138
1775
336 
1016
546 
1470
961 
612 
906 
312 
607 
227 
152 
639 
815 
799 
1001
414 
80  
1041
698 
184 
163 
96  
1187
461 
555 
875 
607 
417 
196 
112 
73  
971 
727 
954 
1025
665 
869 
998 
992 
324 
248 
825 
838 
201 
1624
503 
497 
1011
400 
548 
393 
657 
707 
616 
388 
995 
858 
93  
1556
785 
1094
784 
660 
1440
1157
355 
809 
246 
387 
756 
1029
1177
1579
727 
1045
218 
1031
804 
1787
548 
463 
1008
711 
113 
1700
467 
1057
1078
1512
1532
388 
884 
391 
593 
902 
1341
871 
591 
374 
952 
687 
818 
627 
841 
400 
971 
605 
894 
687 
617 
620 
439 
888 
567 
697 
196 
280 
230 
797 
502 
564 
496 
1070
890 
325 
1187
162 
1019
1389
1021
920 
1599
838 
1706
143 
614 
801 
51  
475 
79  
171 
630 
314 
1448
1173
511 
1018
888 
68  
952 
100 
376 
592 
707 
719 
770 
251 
982 
577 
248 
753 
606 
245 
104 
894 
326 
468 
915 
1739
291 
601 
400 
1057
1031
993 
460 
318 
1031
1019
449 
181 
191 
730 
460 
765 
990 
430 
784 
1238
707 
169 
882 
924 
1540
1270
713 
289 
1318
1767
330 
1005
533 
679 
417 
1655
101 
1032
507 
559 
368 
425 
572 
564 
644 
691 
773 
847 
865 
1584
867 
1128
1035
147 
787 
957 
1025
489 
1069
1068
557 
1497
639 
176 
1545
824 
1383
836 
999 
321 
1248
687 
983 
429 
352 
337 
309 
337 
723 
188 
770 
1146
629 
576 
636 
957 
365 
259 
1514
850 
351 
474 
961 
439 
1635
381 
678 
699 
776 
435 
1487
1015
872 
204 
73  
125 
315 
1088
813 
235 
272 
596 
744 
157 
1271
408 
249 
367 
665 
1079
116 
952 
1610
978 
1593
367 
820 
263 
71  
1320
1906
1277
685 
1382
990 
601 
687 
1064
771 
649 
500 
121 
805 
428 
1368
786 
1219
643 
1508
1420
482 
484 
1014
412 
200 
989 
573 
523 
956 
603 
115 
1336
1191
1335
704 
646 
631 
566 
343 
532 
427 
1557
1770
654 
33  
152 
696 
980 
489 
715 
1242
863 
1161
954 
809 
473 
1549
764 
138 
1900
277 
188 
736 
701 
1091
533 
1729
931 
591 
176 
186 
1019
917 
253 
894 
334 
57  
982 
850 
332 
1328
987 
847 
846 
429 
337 
73  
719 
422 
1672
800 
133 
598 
193 
549 
1167
108 
329 
1387
542 
734 
666 
1243
941 
435 
964 
191 
34  
963 
28  
861 
211 
664 
368 
292 
938 
267 
892 
64  
1481
218 
1066
1728
890 
617 
686 
423 
112 
521 
777 
995 
404 
445 
728 
349 
1268
263 
529 
139 
165 
986 
599 
1053
753 
748 
947 
763 
978 
671 
785 
1255
87  
851 
931 
689 
512 
390 
583 
511 
807 
904 
490 
544 
851 
933 
178 
1026
1000
552 
1436
84  
528 
1060
144 
498 
548 
1209
1044
650 
824 
370 
208 
204 
250 
303 
1542
850 
590 
351 
1147
269 
643 
427 
488 
1054
1276
801 
835 
75  
89  
1128
417 
999 
1568
1110
247 
520 
878 
403 
1015
796 
236 
627 
966 
501 
588 
813 
1323
631 
596 
539 
865 
642 
629 
404 
931 
608 
1013
871 
295 
418 
418 
675 
45  
704 
336 
508 
521 
952 
1023
207 
162 
1340
491 
976 
778 
1537
433 
304 
675 
608 
758 
929 
781 
846 
929 
949 
766 
477 
646 
951 
1437
513 
595 
418 
162 
640 
931 
972 
996 
1467
1260
410 
224 
580 
1412
389 
721 
943 
1245
1503
517 
179 
1352
612 
303 
731 
516 
873 
1119
677 
508 
1079
1134
1429
609 
862 
972 
432 
1270
1189
877 
1131
438 
1016
249 
1959
661 
686 
1340
582 
1769
178 
816 
1591
668 
1341
942 
778 
585 
134 
923 
886 
784 
121 
740 
1169
285 
886 
1269
982 
308 
130 
639 
1610
706 
1302
612 
865 
1129
1245
291 
77  
1406
281 
313 
708 
420 
910 
415 
538 
269 
464 
519 
1586
162 
1269
631 
845 
453 
1717
906 
1529
454 
620 
905 
262 
909 
399 
908 
847 
271 
1451
487 
1429
924 
379 
507 
1238
307 
1942
220 
790 
1082
802 
759 
501 
410 
1626
536 
284 
1142
431 
759 
766 
739 
895 
898 
436 
249 
189 
1068
583 
654 
415 
758 
349 
505 
130 
565 
298 
902 
711 
892 
1125
430 
45  
1320
311 
685 
847 
96  
565 
258 
589 
509 
643 
838 
940 
562 
739 
1033
927 
517 
1518
784 
616 
1320
424 
492 
114 
967 
1314
201 
1283
964 
116 
453 
530 
1009
148 
964 
1434
300 
188 
638 
690 
637 
621 
825 
1011
474 
734 
1304
594 
1047
870 
122 
465 
683 
800 
160 
225 
725 
906 
375 
63  
1112
482 
917 
398 
713 
729 
454 
111 
834 
700 
332 
931 
615 
1028
928 
758 
870 
1416
838 
480 
1172
759 
834 
956 
211 
305 
1391
1349
1320
637 
239 
169 
793 
693 
345 
895 
769 
168 
276 
1591
465 
471 
449 
102 
822 
415 
939 
356 
160 
671 
1207
155 
611 
565 
700 
727 
323 
549 
1681
1050
544 
57  
382 
323 
1850
232 
874 
875 
983 
918 
1122
677 
868 
596 
346 
1622
127 
744 
545 
851 
572 
861 
825 
194 
832 
567 
298 
1472
368 
1313
655 
157 
928 
62  
1242
784 
715 
346 
1077
505 
1209
1571
564 
209 
75  
755 
481 
65  
494 
883 
623 
499 
178 
1392
974 
79  
1585
663 
547 
969 
728 
469 
1254
735 
1558
955 
422 
924 
628 
722 
182 
243 
1050
202 
1110
106 
506 
454 
396 
1228
434 
679 
1023
303 
999 
1351
663 
547 
1190
166 
73  
153 
167 
779 
100 
1042
708 
53  
680 
658 
720 
676 
1123
1911
823 
930 
1549
468 
229 
557 
1034
80  
258 
739 
721 
597 
555 
889 
851 
305 
155 
159 
476 
194 
982 
331 
895 
58  
817 
905 
789 
799 
305 
678 
1017
1000
1019
923 
467 
596 
542 
92  
1747
769 
1006
921 
180 
872 
800 
1092
511 
716 
253 
118 
624 
735 
152 
690 
122 
1713
988 
612 
1007
1264
992 
893 
1049
1587
117 
904 
561 
573 
1009
558 
591 
935 
820 
1721
337 
90  
462 
687 
306 
1395
808 
26  
418 
396 
125 
1349
1304
1280
730 
159 
538 
888 
476 
91  
212 
947 
596 
432 
99  
933 
262 
993 
902 
826 
966 
419 
958 
231 
1032
494 
818 
194 
876 
1218
864 
1058
616 
1151
983 
1169
1386
1706
1716
277 
220 
15  
541 
958 
395 
1034
243 
651 
531 
592 
785 
993 
130 
939 
1054
389 
965 
617 
527 
189 
301 
261 
1603
1178
533 
1029
84  
167 
1044
343 
644 
243 
1066
645 
909 
621 
911 
728 
1090
418 
1304
375 
594 
277 
784 
933 
1363
501 
715 
638 
715 
829 
1596
1147
740 
573 
109 
786 
520 
663 
1094
610 
777 
760 
1036
1920
891 
264 
293 
980 
708 
645 
641 
334 
160 
776 
293 
926 
316 
141 
764 
97  
145 
417 
113 
859 
922 
276 
753 
968 
182 
188 
683 
360 
1188
895 
329 
26  
801 
948 
801 
1295
1065
954 
450 
862 
253 
1428
195 
910 
980 
549 
943 
1614
409 
1659
981 
602 
1357
862 
705 
410 
474 
93  
455 
891 
55  
741 
353 
223 
999 
877 
933 
1003
643 
607 
652 
251 
1697
1188
1517
173 
139 
598 
1799
924 
242 
213 
625 
156 
362 
771 
283 
26  
279 
968 
263 
1160
1265
726 
701 
227 
840 
477 
386 
1348
1010
282 
814 
278 
432 
1013
693 
971 
418 
524 
933 
849 
481 
85  
762 
209 
78  
1321
79  
553 
840 
740 
517 
723 
327 
851 
917 
732 
1240
225 
821 
221 
469 
942 
159 
633 
399 
1561
442 
1793
98  
1154
294 
1346
804 
768 
1736
770 
422 
1023
666 
665 
1076
585 
471 
510 
122 
128 
1105
1066
743 
925 
511 
1128
244 
245 
902 
584 
205 
1334
911 
906 
716 
228 
442 
293 
533 
1034
1022
815 
643 
784 
674 
429 
379 
664 
938 
1350
428 
126 
270 
758 
515 
955 
541 
798 
217 
71  
557 
82  
402 
1399
145 
1539
1132
708 
230 
1042
1159
809 
255 
788 
784 
807 
1650
213 
765 
150 
175 
72  
1752
1293
440 
815 
1592
325 
1005
1610
475 
662 
459 
699 
86  
602 
994 
1074
241 
517 
1431
892 
125 
695 
486 
1279
671 
457 
927 
472 
977 
414 
766 
1449
129 
695 
103 
1098
1357
381 
1296
808 
1236
673 
1181
337 
128 
681 
779 
297 
133 
278 
373 
628 
1210
453 
451 
290 
1452
229 
186 
704 
674 
621 
1087
1061
890 
765 
151 
1496
300 
406 
1294
1536
530 
1171
294 
945 
1137
879 
1906
710 
1317
660 
999 
1434
1094
1486
45  
847 
474 
430 
659 
929 
998 
927 
1037
478 
925 
743 
870 
1124
1645
478 
506 
701 
624 
1066
784 
138 
200 
307 
382 
538 
390 
498 
664 
713 
558 
953 
595 
492 
663 
801 
1366
956 
790 
668 
586 
678 
207 
595 
872 
872 
529 
450 
293 
1305
974 
688 
160 
810 
308 
1134
470 
684 
647 
525 
110 
902 
507 
1544
901 
1618
630 
994 
574 
855 
258 
889 
1055
430 
856 
527 
368 
1378
1061
1392
1196
189 
917 
1452
237 
901 
1461
824 
141 
276 
886 
158 
81  
741 
1164
895 
503 
796 
1241
682 
479 
942 
564 
15  
912 
865 
453 
1006
205 
802 
478 
1512
1233
432 
530 
1080
694 
340 
285 
1853
198 
901 
710 
242 
391 
1188
577 
576 
282 
677 
850 
525 
65  
1020
785 
1477
1538
557 
927 
911 
1693
971 
1045
850 
684 
863 
1232
810 
1587
54  
1055
1147
804 
1622
672 
1041
265 
789 
1257
1176
891 
730 
90  
950 
744 
965 
1070
472 
1253
580 
1237
683 
282 
113 
1908
276 
1465
950 
677 
388 
835 
888 
319 
826 
556 
391 
643 
774 
1080
483 
758 
481 
835 
932 
1389
1507
236 
177 
771 
435 
631 
713 
709 
546 
547 
140 
1516
455 
765 
881 
703 
936 
188 
972 
985 
347 
796 
384 
31  
219 
349 
708 
801 
906 
984 
476 
127 
1333
1129
967 
396 
996 
562 
463 
1579
244 
535 
269 
330 
1583
1306
537 
1469
353 
641 
609 
1060
475 
358 
560 
1058
1025
1199
1093
635 
1400
939 
1029
552 
550 
837 
807 
462 
567 
875 
551 
539 
489 
1007
660 
119 
482 
582 
1256
1287
395 
155 
393 
839 
989 
654 
1030
1332
702 
750 
477 
757 
612 
356 
1792
264 
1171
535 
555 
1112
337 
1636
90  
514 
675 
960 
205 
113 
1728
800 
445 
1016
1552
313 
447 
315 
971 
79  
553 
169 
363 
792 
356 
431 
482 
1553
887 
1189
326 
608 
1067
691 
1111
596 
582 
385 
496 
1094
515 
1015
843 
1374
1658
793 
478 
813 
279 
998 
876 
655 
1718
998 
1483
435 
1670
667 
309 
91  
967 
1703
379 
547 
947 
198 
805 
1122
766 
533 
1260
774 
295 
1193
873 
740 
1017
968 
653 
1634
244 
618 
176 
719 
1310
1486
717 
283 
1144
1112
104 
545 
789 
54  
526 
301 
1067
686 
408 
335 
394 
1707
366 
1442
854 
231 
338 
846 
793 
1029
816 
723 
1237
550 
298 
580 
1372
718 
424 
267 
1395
1510
797 
199 
799 
1452
468 
332 
312 
633 
861 
774 
324 
782 
1537
262 
158 
698 
347 
915 
796 
193 
745 
710 
1149
464 
722 
683 
1698
314 
1037
543 
792 
1090
644 
684 
407 
1387
1088
629 
546 
999 
1111
364 
1108
1656
179 
615 
941 
1044
756 
173 
991 
977 
501 
558 
289 
97  
732 
587 
189 
371 
297 
118 
516 
310 
500 
188 
1595
533 
1619
462 
388 
1379
1757
404 
192 
596 
632 
1039
231 
595 
125 
1366
220 
950 
299 
1019
88  
789 
378 
920 
690 
638 
1018
865 
456 
362 
894 
859 
734 
1043
232 
977 
415 
236 
1256
905 
542 
360 
452 
813 
517 
697 
425 
1057
1140
812 
973 
627 
647 
227 
355 
660 
264 
654 
1059
740 
363 
1237
417 
127 
339 
553 
485 
1161
794 
624 
228 
183 
697 
486 
267 
1502
583 
487 
365 
893 
638 
466 
237 
905 
920 
372 
340 
927 
992 
665 
899 
984 
1048
150 
1739
350 
932 
511 
508 
168 
666 
308 
988 
936 
728 
646 
933 
1280
1531
141 
905 
617 
934 
643 
365 
1578
477 
599 
776 
85  
1056
571 
120 
672 
644 
345 
170 
396 
53  
237 
1417
26  
733 
353 
1096
1274
289 
126 
649 
1399
982 
279 
92  
1060
953 
1076
664 
381 
1056
649 
592 
509 
319 
418 
88  
237 
1421
934 
610 
906 
1045
153 
395 
859 
1372
754 
670 
859 
495 
422 
987 
105 
932 
1033
1322
1484
1321
1581
1307
1006
793 
1048
249 
471 
791 
870 
235 
143 
96  
971 
553 
411 
1057
55  
562 
250 
473 
701 
1439
1124
388 
40  
1632
732 
333 
717 
1738
107 
512 
322 
1505
1038
317 
1090
202 
613 
689 
802 
1434
611 
460 
195 
270 
312 
913 
468 
298 
878 
244 
1067
612 
880 
715 
923 
819 
489 
210 
335 
1341
351 
346 
1037
89  
204 
185 
1437
762 
324 
963 
71  
969 
443 
202 
1178
960 
545 
616 
432 
525 
1155
1491
834 
1039
551 
465 
515 
1171
1144
1005
721 
825 
544 
914 
439 
123 
972 
179 
833 
640 
531 
249 
204 
72  
977 
1209
777 
815 
407 
63  
1104
944 
173 
981 
1315
1367
752 
645 
923 
612 
96  
1333
489 
1062
1000
828 
1069
1113
1035
194 
251 
344 
210 
292 
1289
324 
52  
533 
511 
304 
699 
498 
438 
429 
1569
1294
984 
425 
1156
149 
927 
1210
870 
474 
578 
903 
925 
939 
757 
1001
334 
595 
878 
238 
1227
132 
198 
1294
1453
450 
698 
654 
387 
126 
684 
1028
250 
679 
359 
971 
1067
926 
1077
909 
1053
692 
632 
1326
103 
658 
311 
1400
539 
1835
62  
1713
987 
310 
744 
435 
978 
1683
1003
852 
1234
606 
990 
1805
830 
233 
1154
793 
354 
364 
264 
840 
1593
130 
108 
303 
1408
1094
920 
1350
1391
977 
687 
833 
56  
935 
1017
1017
802 
934 
763 
282 
820 
1170
942 
1048
1190
559 
939 
402 
840 
341 
272 
1060
355 
1184
1664
450 
595 
459 
533 
748 
939 
1036
337 
747 
1839
1279
833 
418 
441 
561 
551 
1129
151 
850 
843 
374 
839 
450 
670 
159 
709 
1000
492 
202 
70  
102 
1842
1618
1412
853 
602 
919 
755 
244 
1252
757 
350 
1359
136 
204 
410 
561 
807 
814 
1500
779 
315 
868 
1286
857 
801 
748 
840 
693 
270 
655 
971 
223 
813 
739 
153 
453 
564 
1109
1561
150 
1087
293 
831 
230 
1530
795 
721 
329 
1000
748 
160 
70  
541 
664 
335 
577 
574 
1742
202 
343 
638 
844 
927 
584 
1094
932 
1522
521 
46  
957 
905 
964 
569 
842 
1047
579 
1588
1007
537 
935 
1087
931 
292 
416 
735 
1468
1858
601 
673 
507 
946 
619 
305 
201 
506 
1451
689 
820 
995 
566 
659 
128 
729 
832 
1265
628 
557 
116 
970 
1382
197 
536 
269 
645 
213 
834 
696 
707 
1321
621 
729 
575 
1148
799 
101 
527 
1044
768 
526 
1082
793 
1038
1013
39  
1320
591 
746 
185 
1676
1159
945 
489 
957 
521 
611 
103 
438 
264 
508 
749 
687 
753 
621 
1513
444 
294 
1079
483 
732 
1658
560 
785 
195 
729 
373 
738 
914 
685 
1773
582 
800 
711 
542 
739 
177 
1261
691 
386 
792 
1346
1747
882 
1059
871 
324 
987 
514 
983 
1034
743 
340 
515 
1038
421 
489 
35  
575 
877 
991 
315 
1968
215 
518 
485 
1281
641 
690 
1278
224 
896 
928 
149 
1188
906 
702 
472 
219 
1366
824 
450 
529 
1166
491 
568 
937 
399 
166 
619 
149 
581 
424 
833 
695 
952 
1287
776 
157 
827 
605 
844 
807 
758 
1047
36  
728 
878 
642 
563 
812 
912 
582 
1030
193 
409 
1310
297 
981 
559 
692 
1588
358 
788 
1018
1067
855 
991 
105 
536 
334 
305 
1143
753 
133 
1122
1711
537 
335 
1096
892 
187 
1153
1104
999 
1234
460 
348 
896 
853 
577 
112 
206 
964 
639 
1516
1125
241 
420 
678 
960 
361 
382 
428 
362 
473 
730 
625 
233 
1914
998 
1239
1017
601 
479 
1063
354 
649 
1437
798 
983 
372 
307 
217 
390 
504 
1641
972 
567 
793 
1266
96  
745 
1104
441 
629 
276 
804 
991 
373 
118 
989 
711 
120 
1392
401 
693 
699 
1149
396 
609 
973 
699 
304 
76  
428 
899 
1691
675 
931 
657 
978 
509 
117 
1824
976 
509 
1002
787 
513 
552 
394 
945 
757 
1329
112 
1189
697 
958 
1220
1434
1020
475 
455 
375 
201 
947 
456 
663 
291 
969 
255 
1599
620 
925 
804 
787 
193 
1352
446 
1022
886 
1436
972 
245 
616 
627 
910 
739 
748 
769 
1344
803 
846 
1020
786 
827 
1277
1059
659 
210 
82  
465 
1002
94  
1345
654 
1333
260 
1145
822 
132 
821 
117 
788 
1083
1519
361 
592 
597 
412 
53  
504 
835 
512 
992 
960 
565 
575 
305 
1774
235 
166 
1099
80  
697 
523 
834 
865 
199 
704 
1594
928 
581 
95  
508 
809 
1564
996 
701 
851 
813 
747 
1450
1323
729 
929 
1010
627 
848 
801 
196 
344 
250 
846 
530 
1839
101 
634 
789 
788 
100 
1083
1691
478 
1294
502 
993 
573 
779 
607 
908 
752 
806 
245 
1126
885 
724 
970 
1012
1785
1372
299 
73  
919 
935 
1495
667 
224 
677 
840 
1654
315 
1271
1012
686 
895 
853 
132 
644 
576 
839 
1044
1728
310 
215 
822 
697 
148 
252 
909 
584 
116 
787 
927 
860 
1028
903 
1160
727 
640 
1278
915 
1558
727 
1065
208 
1888
265 
791 
317 
908 
764 
553 
82  
981 
56  
618 
378 
1236
1021
1433
874 
680 
325 
877 
451 
1167
1637
964 
254 
1595
789 
755 
1691
307 
1013
1137
738 
1201
807 
515 
827 
641 
555 
442 
739 
1033
990 
813 
709 
1101
1209
963 
352 
1223
177 
1478
812 
984 
1017
637 
843 
787 
580 
444 
410 
46  
853 
181 
614 
978 
1466
608 
397 
891 
1249
1012
619 
1319
960 
189 
338 
424 
1771
728 
365 
1658
965 
349 
317 
541 
1091
1165
727 
1014
1496
164 
705 
833 
109 
1580
385 
1407
382 
141 
783 
763 
680 
169 
208 
938 
596 
242 
374 
380 
758 
91  
278 
230 
550 
458 
591 
451 
956 
649 
680 
50  
145 
797 
116 
412 
1018
158 
1647
928 
762 
1240
866 
1069
270 
964 
770 
1001
699 
385 
438 
537 
945 
186 
180 
226 
1284
151 
434 
293 
98  
855 
331 
329 
884 
1533
601 
1210
656 
1268
882 
1048
1669
901 
727 
1219
573 
169 
1374
439 
621 
828 
191 
917 
789 
38  
920 
717 
913 
629 
928 
1503
710 
345 
618 
175 
801 
315 
281 
343 
408 
787 
621 
779 
496 
592 
271 
987 
898 
1391
851 
820 
586 
874 
755 
190 
1023
897 
1523
920 
822 
341 
550 
1398
621 
728 
858 
306 
106 
63  
572 
1050
170 
454 
910 
637 
531 
648 
550 
609 
568 
607 
1231
364 
652 
625 
583 
898 
547 
47  
514 
374 
406 
1857
1017
610 
539 
749 
448 
1148
973 
940 
1496
1221
660 
838 
936 
898 
726 
68  
1812
767 
1623
585 
1528
599 
1381
262 
460 
1083
946 
125 
656 
252 
923 
586 
738 
733 
945 
605 
815 
490 
1147
1315
846 
1485
60  
657 
252 
1364
1292
757 
148 
779 
85  
589 
351 
1654
457 
1249
573 
1118
1517
974 
818 
347 
440 
1369
788 
270 
228 
695 
408 
399 
353 
723 
528 
400 
575 
995 
647 
912 
1332
340 
131 
1131
688 
353 
912 
1561
270 
1292
670 
723 
287 
434 
517 
779 
120 
549 
889 
1038
941 
1828
1439
205 
568 
809 
1239
591 
929 
819 
753 
519 
699 
463 
793 
846 
915 
614 
1007
984 
438 
412 
597 
1003
213 
380 
381 
1172
1091
967 
1570
1101
469 
284 
734 
462 
1589
139 
798 
776 
775 
989 
325 
149 
151 
994 
111 
557 
383 
1433
576 
937 
410 
743 
656 
1514
254 
799 
696 
531 
138 
143 
687 
1594
1676
164 
552 
906 
936 
882 
1057
1173
755 
651 
992 
1121
810 
1640
1153
896 
415 
418 
1018
278 
120 
147 
775 
953 
1709
318 
539 
1494
289 
746 
918 
272 
802 
214 
643 
1373
719 
433 
460 
595 
259 
400 
406 
847 
915 
781 
1079
1295
178 
1655
1197
20  
1211
450 
1323
1402
1021
889 
592 
652 
628 
627 
220 
1256
1257
1202
1484
1450
782 
894 
771 
259 
699 
453 
1509
1735
745 
1541
1653
1737
818 
1323
162 
613 
70  
878 
1360
1396
866 
634 
700 
675 
297 
411 
707 
901 
650 
106 
1096
350 
692 
149 
326 
720 
288 
289 
143 
1179
539 
158 
1424
303 
931 
1705
356 
346 
1418
155 
86  
648 
168 
591 
1589
210 
1158
548 
1469
692 
921 
792 
383 
1348
133 
1022
616 
1335
870 
984 
671 
328 
90  
1049
990 
1563
812 
642 
999 
557 
478 
707 
860 
577 
698 
1741
900 
988 
273 
700 
1221
1873
462 
48  
1609
173 
524 
545 
65  
399 
489 
755 
1382
381 
310 
639 
865 
444 
795 
858 
324 
1203
103 
503 
59  
403 
239 
847 
362 
1071
948 
843 
476 
1253
767 
1256
538 
1954
499 
321 
358 
101 
892 
339 
959 
403 
558 
935 
666 
238 
851 
940 
759 
321 
363 
123 
839 
723 
1019
326 
348 
848 
503 
1023
702 
297 
500 
853 
67  
1260
1057
485 
707 
435 
967 
1045
555 
785 
391 
854 
199 
975 
768 
769 
610 
968 
968 
611 
1626
786 
1003
1594
421 
691 
793 
929 
834 
1008
648 
1209
1014
1018
109 
748 
836 
569 
669 
805 
1424
221 
1785
719 
948 
354 
911 
932 
414 
504 
666 
1801
818 
980 
144 
722 
1289
389 
947 
133 
310 
935 
154 
799 
865 
923 
133 
1465
867 
752 
71  
1835
775 
1105
535 
148 
499 
346 
1326
420 
775 
561 
1308
1440
127 
875 
915 
538 
161 
1732
697 
1154
356 
592 
1363
402 
572 
811 
528 
331 
945 
1059
84  
772 
488 
799 
674 
866 
257 
753 
280 
690 
614 
45  
354 
248 
582 
890 
19  
392 
959 
1399
973 
692 
618 
682 
773 
454 
1007
655 
145 
839 
240 
1140
536 
96  
428 
481 
867 
757 
313 
1123
805 
1480
668 
840 
594 
245 
601 
944 
713 
118 
613 
670 
105 
1248
725 
1266
210 
1006
1402
722 
696 
1672
868 
1622
1456
968 
772 
730 
1011
674 
1564
656 
399 
393 
205 
445 
139 
209 
1195
1148
733 
1113
798 
159 
372 
457 
885 
723 
439 
1017
1288
1021
533 
301 
508 
361 
884 
172 
853 
941 
389 
642 
795 
350 
259 
443 
985 
307 
1046
95  
974 
929 
1259
956 
524 
467 
1051
1153
857 
780 
381 
1662
433 
195 
243 
881 
1414
1069
985 
621 
652 
172 
759 
1019
530 
1609
957 
312 
314 
129 
231 
443 
1322
21  
18  
405 
430 
1049
696 
561 
1225
413 
924 
564 
269 
369 
982 
732 
209 
623 
581 
940 
757 
733 
614 
838 
1533
55  
1261
535 
1911
407 
576 
843 
829 
425 
165 
257 
358 
672 
826 
621 
822 
263 
1754
606 
91  
504 
713 
1010
308 
418 
1572
777 
782 
407 
279 
738 
961 
339 
1161
1039
993 
1065
278 
1550
702 
269 
551 
1099
651 
407 
1054
485 
1707
1785
113 
772 
1056
849 
777 
852 
967 
748 
1332
1038
248 
830 
880 
1435
615 
1034
873 
334 
1003
380 
113 
1182
141 
868 
113 
758 
411 
586 
518 
114 
509 
702 
168 
1577
357 
1001
499 
580 
52  
42  
853 
1202
1290
1564
767 
451 
1306
1024
137 
120 
16  
372 
403 
133 
1097
1034
613 
1056
503 
643 
934 
636 
745 
1059
497 
415 
777 
837 
35  
782 
1365
810 
308 
816 
998 
639 
763 
839 
820 
904 
370 
1064
242 
273 
622 
970 
941 
1028
1293
475 
1039
247 
151 
659 
439 
334 
134 
857 
886 
128 
183 
699 
458 
757 
770 
1726
489 
1642
1235
633 
1022
453 
1022
821 
1098
106 
1136
192 
59  
139 
963 
1405
41  
917 
197 
912 
827 
186 
913 
655 
178 
649 
864 
994 
834 
928 
964 
810 
466 
898 
948 
288 
1255
919 
366 
518 
744 
1265
617 
170 
620 
780 
426 
1888
718 
711 
994 
1485
225 
1184
216 
47  
868 
1176
362 
942 
574 
603 
874 
1560
735 
1366
449 
657 
1170
581 
53  
1106
879 
705 
54  
1053
1680
728 
525 
638 
449 
463 
880 
1553
278 
1080
115 
1357
1124
967 
404 
783 
177 
227 
484 
400 
163 
522 
1115
981 
781 
457 
922 
851 
913 
1056
1552
416 
872 
506 
400 
1093
1340
873 
553 
700 
225 
442 
212 
638 
678 
302 
829 
171 
1007
798 
191 
1652
190 
1659
926 
1589
417 
710 
936 
840 
152 
510 
850 
505 
432 
370 
630 
554 
374 
496 
633 
1909
1458
635 
225 
1145
323 
166 
1020
1082
288 
1014
678 
585 
505 
555 
860 
474 
747 
81  
1138
601 
898 
205 
640 
1278
616 
1376
1025
1634
286 
353 
877 
970 
335 
985 
700 
953 
171 
1006
1677
315 
837 
173 
718 
1084
661 
139 
391 
780 
499 
596 
523 
1619
1087
861 
425 
136 
563 
970 
845 
759 
948 
947 
379 
882 
632 
273 
313 
238 
287 
418 
774 
1002
1525
1385
778 
1432
316 
1764
758 
704 
329 
1804
1013
597 
1185
748 
629 
474 
449 
955 
1218
362 
1458
625 
522 
664 
492 
1081
217 
866 
1033
957 
179 
1025
78  
574 
1042
44  
266 
130 
850 
403 
550 
466 
214 
1561
823 
1941
944 
739 
963 
76  
227 
998 
719 
789 
173 
188 
926 
327 
837 
535 
983 
527 
309 
471 
341 
1197
101 
867 
252 
772 
970 
961 
225 
58  
626 
639 
1053
1758
729 
857 
456 
1531
978 
1465
1510
60  
1399
775 
731 
181 
986 
429 
470 
610 
36  
634 
362 
863 
1544
941 
567 
880 
1727
723 
137 
516 
1168
1480
865 
660 
588 
803 
393 
916 
1783
580 
114 
446 
909 
114 
1063
830 
138 
917 
255 
461 
723 
982 
1287
774 
801 
606 
1046
838 
570 
403 
867 
1061
341 
742 
989 
1017
738 
972 
317 
863 
844 
1905
566 
568 
628 
817 
926 
854 
456 
80  
1055
742 
845 
918 
931 
52  
975 
237 
1224
1230
1244
1124
876 
861 
216 
906 
744 
164 
828 
673 
1029
1307
625 
1013
733 
1786
84  
550 
222 
308 
467 
728 
955 
1583
490 
510 
251 
867 
951 
458 
339 
1187
1303
997 
857 
1222
759 
1243
1077
1417
540 
543 
1193
370 
372 
668 
1725
1511
697 
701 
849 
896 
785 
383 
263 
230 
330 
724 
1146
510 
457 
683 
947 
293 
363 
420 
205 
847 
604 
467 
721 
1772
896 
653 
288 
715 
1299
596 
443 
1153
111 
1034
705 
655 
554 
224 
1519
916 
925 
843 
1081
937 
1034
1562
889 
73  
574 
238 
874 
675 
75  
171 
20  
134 
1074
594 
1387
849 
292 
979 
1437
52  
1033
863 
401 
669 
1635
411 
210 
460 
127 
335 
332 
742 
55  
330 
1539
1549
269 
1039
1101
894 
415 
809 
1228
905 
1634
548 
130 
724 
1296
955 
752 
787 
892 
465 
578 
436 
499 
867 
943 
385 
286 
916 
189 
421 
763 
322 
753 
351 
855 
352 
747 
575 
158 
406 
613 
821 
659 
1030
739 
1719
789 
503 
1033
985 
321 
1020
386 
593 
1700
31  
110 
70  
1014
940 
331 
513 
263 
130 
1650
800 
706 
222 
289 
1499
446 
752 
1405
153 
250 
1546
504 
954 
887 
1563
815 
892 
639 
854 
575 
744 
543 
1312
295 
1424
565 
111 
570 
919 
1750
913 
197 
688 
1247
875 
598 
751 
1147
629 
169 
489 
280 
347 
639 
950 
787 
468 
731 
941 
1001
416 
503 
1371
450 
1117
402 
1059
855 
454 
526 
653 
589 
1184
139 
765 
625 
1281
420 
834 
347 
1072
722 
849 
714 
449 
1044
526 
236 
600 
1769
975 
324 
268 
716 
652 
534 
1443
673 
1755
755 
454 
453 
983 
750 
379 
1768
1069
360 
1441
458 
1027
566 
826 
945 
1326
858 
336 
1246
619 
646 
101 
299 
566 
579 
233 
1056
868 
583 
893 
459 
751 
1499
467 
300 
597 
815 
812 
919 
149 
637 
226 
1207
309 
543 
39  
942 
481 
1504
885 
614 
609 
357 
313 
861 
722 
876 
1035
1299
1725
311 
886 
108 
714 
753 
736 
991 
947 
278 
342 
77  
816 
714 
938 
253 
1165
516 
1003
381 
445 
135 
894 
69  
746 
1697
658 
938 
1642
1067
541 
861 
386 
806 
492 
902 
398 
74  
283 
685 
130 
546 
1220
532 
1303
491 
819 
907 
468 
610 
688 
763 
249 
739 
1655
875 
1017
222 
798 
142 
192 
1065
949 
1169
759 
873 
325 
630 
1170
828 
398 
206 
1168
54  
370 
606 
355 
1427
965 
653 
534 
786 
1014
815 
1707
1000
605 
455 
716 
365 
667 
330 
1799
69  
457 
257 
546 
1766
72  
685 
68  
652 
132 
1190
827 
848 
835 
201 
838 
176 
1904
773 
940 
140 
127 
377 
390 
214 
610 
188 
1695
766 
698 
740 
747 
564 
1154
782 
805 
706 
723 
995 
1324
1386
436 
353 
864 
1050
641 
396 
1015
336 
1410
34  
875 
799 
466 
374 
681 
195 
146 
970 
863 
281 
89  
982 
178 
1827
999 
378 
196 
449 
684 
400 
1281
1429
660 
948 
688 
1020
720 
1546
1453
1297
320 
930 
819 
219 
793 
547 
1142
1249
457 
861 
497 
211 
174 
1591
665 
478 
1308
897 
265 
1657
1173
963 
1033
456 
293 
925 
1126
278 
634 
967 
1425
1613
430 
954 
905 
445 
480 
396 
334 
251 
424 
110 
570 
708 
1714
994 
586 
414 
346 
1249
829 
602 
1860
788 
482 
654 
946 
703 
583 
372 
1057
111 
1895
651 
371 
871 
425 
226 
787 
182 
886 
164 
693 
119 
943 
818 
1023
463 
483 
736 
202 
954 
594 
383 
788 
167 
1245
603 
635 
978 
733 
677 
1006
669 
923 
38  
344 
603 
1388
1178
699 
505 
402 
406 
869 
1351
451 
857 
1435
530 
736 
664 
351 
1604
89  
506 
1107
704 
1522
295 
823 
89  
857 
1018
413 
932 
918 
960 
190 
1378
265 
684 
386 
448 
244 
639 
317 
1315
810 
460 
1446
1151
715 
163 
664 
1333
1011
998 
572 
979 
616 
994 
1100
1556
1758
592 
822 
321 
1427
337 
868 
337 
1087
964 
773 
514 
635 
824 
454 
126 
562 
271 
1113
736 
989 
1227
975 
679 
740 
656 
1634
759 
446 
222 
139 
1013
1014
373 
899 
151 
1665
205 
310 
1830
1494
414 
398 
270 
876 
1729
390 
867 
1683
923 
768 
556 
440 
928 
1298
751 
1457
429 
530 
737 
754 
1006
740 
923 
988 
455 
792 
600 
408 
653 
311 
1493
1698
630 
920 
1052
214 
1416
371 
879 
988 
647 
488 
151 
685 
50  
1103
614 
1014
570 
1145
811 
992 
727 
281 
120 
1753
445 
859 
796 
358 
1316
406 
1237
451 
1466
1487
487 
534 
1401
954 
194 
1033
330 
639 
569 
277 
126 
654 
814 
799 
712 
671 
316 
1697
1135
482 
1437
136 
462 
245 
392 
172 
166 
622 
272 
1099
847 
1818
837 
1164
152 
733 
644 
492 
601 
792 
221 
611 
258 
1611
406 
124 
724 
460 
374 
860 
110 
1156
88  
420 
858 
440 
738 
1846
753 
832 
1264
985 
966 
755 
139 
871 
1448
923 
936 
792 
555 
235 
171 
627 
101 
882 
161 
162 
605 
288 
154 
589 
338 
96  
1066
537 
146 
595 
794 
621 
934 
989 
349 
1042
527 
403 
478 
825 
996 
809 
79  
669 
316 
405 
852 
534 
1379
173 
626 
610 
739 
246 
460 
217 
469 
169 
432 
530 
406 
915 
106 
1155
1409
274 
1076
337 
546 
176 
1622
1704
113 
227 
540 
988 
533 
993 
1035
363 
933 
468 
524 
778 
1219
1046
225 
607 
1194
814 
43  
783 
365 
1205
832 
436 
923 
1430
323 
1289
516 
645 
1357
1029
900 
509 
214 
732 
294 
1055
218 
92  
197 
1609
719 
188 
80  
651 
140 
732 
307 
817 
846 
385 
127 
376 
1634
1237
1102
343 
502 
1170
773 
795 
789 
364 
629 
1037
138 
651 
712 
645 
888 
447 
1063
330 
472 
928 
141 
945 
903 
1222
625 
766 
622 
606 
326 
132 
938 
1460
389 
973 
983 
885 
844 
252 
1200
402 
704 
1082
311 
274 
216 
856 
1051
17  
455 
833 
1435
1209
1028
1389
209 
1164
146 
696 
1016
99  
682 
257 
996 
68  
860 
1225
121 
1306
972 
160 
464 
733 
523 
1275
819 
995 
220 
489 
817 
1051
663 
328 
743 
837 
650 
622 
742 
1143
855 
727 
419 
930 
909 
1324
463 
891 
454 
372 
189 
878 
657 
473 
329 
671 
914 
234 
389 
535 
1787
1052
181 
1215
942 
700 
493 
701 
1520
1187
987 
661 
465 
141 
256 
728 
537 
582 
839 
436 
430 
827 
588 
1021
1181
222 
375 
957 
188 
438 
1349
1494
1239
1365
1012
1100
609 
95  
523 
46  
1416
830 
838 
1864
333 
1023
389 
774 
434 
1329
686 
84  
769 
488 
669 
650 
576 
380 
411 
926 
62  
1551
1922
1011
1701
424 
654 
1353
958 
994 
672 
1165
931 
1567
724 
393 
1381
1683
1488
41  
71  
1699
405 
1031
1762
311 
662 
451 
825 
678 
1194
609 
1069
67  
1095
1291
364 
108 
379 
1027
1005
792 
527 
856 
1456
725 
1038
329 
1010
770 
418 
369 
223 
1062
904 
238 
913 
999 
881 
809 
643 
1235
942 
518 
752 
522 
994 
731 
320 
833 
191 
454 
898 
696 
855 
1403
328 
1117
239 
503 
679 
769 
487 
434 
1244
495 
307 
633 
633 
959 
780 
75  
609 
565 
1245
1350
731 
95  
1822
685 
460 
1006
696 
322 
667 
1584
1636
713 
592 
952 
1212
194 
175 
320 
172 
666 
749 
968 
669 
374 
610 
618 
1584
624 
944 
1219
590 
1230
835 
1305
456 
909 
764 
268 
913 
699 
1495
350 
714 
1405
474 
199 
536 
486 
1251
1467
359 
1294
293 
721 
1010
878 
612 
560 
1614
1007
747 
251 
307 
1036
1148
538 
1885
186 
1012
757 
648 
29  
1103
413 
935 
1154
996 
429 
252 
957 
146 
463 
502 
1655
904 
788 
1692
326 
1003
802 
1242
587 
728 
775 
1002
550 
988 
462 
349 
547 
171 
597 
680 
1829
1066
300 
901 
409 
809 
420 
225 
517 
1169
264 
939 
916 
735 
613 
525 
849 
1037
523 
343 
481 
1465
599 
705 
797 
395 
395 
1038
764 
1291
753 
1513
180 
803 
228 
1516
303 
88  
1435
392 
1338
1023
1546
197 
389 
966 
1171
536 
1706
1383
780 
955 
1509
1710
739 
1070
1318
1064
566 
326 
630 
73  
1186
55  
971 
657 
894 
276 
1573
889 
620 
722 
386 
986 
892 
165 
720 
698 
617 
521 
743 
857 
783 
987 
866 
1789
685 
1060
1050
806 
358 
749 
965 
1770
559 
792 
947 
1406
591 
384 
765 
185 
286 
367 
380 
409 
1815
283 
457 
534 
750 
1660
370 
406 
614 
710 
294 
208 
154 
295 
1007
532 
625 
409 
1771
486 
1046
625 
603 
920 
407 
1039
317 
1544
673 
839 
521 
1505
368 
769 
481 
1370
592 
275 
1035
484 
860 
743 
1287
1482
672 
871 
863 
977 
1027
1011
299 
114 
928 
697 
142 
748 
1430
830 
447 
126 
874 
369 
525 
334 
681 
484 
618 
1615
930 
706 
626 
954 
815 
1551
1241
104 
420 
450 
1659
1013
399 
1673
642 
640 
137 
932 
288 
1046
938 
559 
777 
338 
1302
762 
562 
558 
80  
584 
998 
765 
790 
723 
212 
965 
654 
213 
729 
493 
463 
413 
1272
365 
544 
946 
1135
751 
996 
449 
138 
464 
992 
134 
1166
817 
723 
1363
803 
1596
419 
706 
829 
886 
80  
244 
392 
190 
329 
662 
1478
974 
798 
631 
465 
368 
992 
779 
969 
883 
628 
949 
1067
1507
984 
94  
404 
857 
913 
856 
938 
311 
1348
613 
887 
672 
1889
340 
564 
526 
876 
679 
782 
192 
945 
420 
1285
1253
586 
856 
898 
219 
125 
464 
112 
161 
973 
765 
617 
1849
780 
1040
664 
451 
1291
939 
230 
549 
880 
1123
856 
1535
1705
284 
192 
544 
817 
554 
1166
741 
1133
674 
485 
360 
979 
872 
733 
1429
295 
883 
572 
931 
1763
1199
920 
703 
469 
305 
615 
1414
369 
650 
639 
761 
892 
966 
594 
493 
176 
581 
373 
425 
656 
482 
926 
1481
951 
574 
787 
202 
1078
1268
950 
878 
262 
187 
653 
229 
596 
245 
1019
714 
813 
1330
802 
607 
281 
362 
385 
164 
1252
1200
1463
353 
612 
168 
484 
685 
1002
243 
127 
1031
1125
905 
1043
61  
466 
425 
767 
725 
1190
1329
766 
1101
688 
400 
414 
138 
1492
350 
1918
379 
1338
276 
1263
1522
631 
850 
1677
1689
713 
842 
780 
1057
385 
127 
1046
260 
951 
782 
886 
204 
1432
527 
216 
553 
1289
1578
416 
648 
697 
843 
1808
1059
1316
541 
647 
754 
1577
1067
1216
994 
940 
676 
229 
686 
485 
552 
600 
535 
902 
186 
394 
969 
1227
1020
945 
1455
588 
1831
432 
212 
613 
694 
1692
252 
228 
576 
1124
758 
1184
896 
360 
361 
260 
680 
1288
616 
1000
852 
158 
957 
472 
1571
389 
672 
156 
68  
662 
272 
1003
525 
583 
1011
152 
531 
550 
612 
954 
442 
128 
48  
660 
761 
151 
437 
1103
459 
772 
1290
1308
495 
752 
700 
1461
457 
762 
1008
483 
188 
675 
244 
534 
875 
234 
743 
842 
418 
884 
890 
830 
1844
231 
1452
1474
499 
155 
955 
212 
778 
313 
155 
633 
256 
659 
578 
405 
158 
1480
331 
1191
258 
578 
1560
392 
112 
859 
840 
1351
733 
420 
712 
1028
914 
119 
973 
216 
735 
826 
217 
883 
573 
700 
403 
806 
764 
287 
608 
1436
1179
429 
613 
821 
812 
822 
945 
242 
947 
949 
354 
444 
1470
648 
1309
1008
642 
980 
528 
19  
660 
693 
1208
68  
896 
1387
983 
28  
265 
1002
360 
290 
824 
77  
584 
533 
66  
1007
806 
369 
550 
725 
152 
784 
135 
1167
833 
1153
830 
591 
784 
562 
1323
476 
558 
729 
123 
708 
838 
106 
696 
1813
1016
134 
467 
1628
147 
58  
287 
1634
242 
935 
80  
654 
846 
261 
630 
848 
1179
242 
946 
468 
267 
513 
909 
895 
461 
1412
999 
414 
894 
375 
632 
1007
764 
161 
368 
331 
925 
1075
460 
841 
880 
901 
127 
1225
406 
254 
1036
1528
811 
772 
846 
237 
752 
275 
412 
1425
538 
948 
216 
944 
623 
706 
178 
524 
417 
850 
632 
509 
1581
919 
708 
281 
100 
464 
1057
719 
908 
66  
971 
62  
934 
161 
1122
914 
1203
815 
389 
1449
385 
806 
558 
536 
1183
315 
506 
378 
901 
1020
686 
450 
49  
1072
1523
406 
233 
89  
743 
735 
914 
773 
670 
739 
338 
329 
962 
1104
728 
702 
1788
100 
887 
97  
442 
495 
780 
445 
915 
679 
452 
280 
295 
164 
432 
199 
216 
1769
1437
879 
678 
91  
1467
303 
1135
848 
918 
222 
834 
1451
148 
1292
961 
1423
1259
366 
784 
699 
800 
966 
1113
445 
852 
237 
266 
1143
677 
1426
468 
188 
601 
658 
317 
488 
1023
1170
544 
604 
465 
1013
1429
689 
519 
1360
628 
845 
308 
878 
80  
389 
1828
269 
330 
1266
904 
437 
898 
1188
470 
272 
707 
567 
1412
1484
898 
572 
931 
1020
732 
1031
944 
564 
875 
1023
85  
903 
728 
416 
588 
95  
437 
987 
938 
754 
284 
983 
469 
122 
1026
871 
626 
853 
736 
916 
1275
354 
216 
444 
79  
723 
999 
1410
770 
505 
1335
398 
1213
998 
794 
1303
526 
1007
934 
675 
823 
228 
1018
387 
849 
428 
1274
1114
1435
981 
460 
996 
1032
239 
106 
468 
1208
1229
416 
316 
531 
1266
1408
334 
369 
1330
869 
782 
205 
726 
171 
1018
1411
461 
1412
190 
60  
528 
1320
775 
982 
746 
666 
928 
605 
1311
1208
1031
760 
1251
877 
644 
592 
1092
970 
397 
571 
731 
900 
895 
461 
447 
699 
1162
373 
359 
969 
715 
722 
1299
467 
604 
258 
103 
1092
608 
642 
271 
397 
604 
358 
274 
1032
82  
577 
507 
1142
870 
854 
942 
645 
1133
450 
240 
980 
623 
231 
631 
116 
267 
544 
293 
1502
1119
694 
860 
71  
938 
1111
666 
470 
982 
588 
648 
974 
331 
209 
188 
143 
670 
594 
515 
833 
863 
635 
607 
253 
643 
1485
1007
704 
565 
564 
46  
633 
616 
147 
434 
876 
468 
181 
157 
682 
875 
623 
1060
510 
1082
834 
799 
789 
655 
1047
131 
856 
306 
824 
967 
1372
394 
783 
333 
884 
1591
787 
145 
170 
988 
788 
953 
1445
862 
290 
275 
859 
888 
784 
1683
388 
1731
894 
1097
1019
1022
464 
796 
589 
555 
1241
820 
706 
1567
460 
602 
1081
739 
1356
442 
1791
209 
1067
915 
533 
196 
271 
1455
660 
825 
107 
751 
640 
372 
126 
784 
396 
676 
220 
914 
174 
1887
980 
973 
619 
291 
481 
981 
796 
799 
815 
732 
832 
539 
1150
1457
654 
958 
1224
1237
1806
968 
789 
488 
812 
786 
776 
1420
319 
1032
800 
102 
699 
673 
760 
778 
841 
915 
271 
184 
382 
1230
531 
544 
535 
542 
1101
915 
805 
141 
119 
159 
750 
972 
795 
1026
803 
325 
1744
223 
1035
890 
999 
1677
527 
355 
221 
456 
964 
400 
508 
723 
34  
1329
674 
803 
720 
1003
1652
287 
1413
683 
132 
879 
884 
206 
1052
188 
886 
1360
701 
511 
296 
957 
1235
1237
373 
1727
325 
1583
44  
247 
1084
652 
132 
208 
565 
861 
918 
628 
116 
1004
661 
100 
1014
937 
199 
636 
1014
798 
50  
204 
325 
1655
666 
935 
603 
618 
731 
842 
249 
315 
1643
741 
774 
593 
1193
717 
604 
284 
320 
1960
671 
384 
739 
582 
271 
467 
1514
101 
686 
693 
264 
522 
1476
1578
1079
1442
542 
515 
304 
1337
1033
358 
543 
552 
1043
401 
612 
1016
1368
839 
228 
1107
179 
250 
1762
325 
837 
157 
188 
871 
860 
1143
622 
795 
1083
406 
897 
709 
850 
1216
618 
543 
981 
1444
1029
1556
179 
1476
441 
319 
1757
568 
1118
932 
1035
644 
422 
298 
906 
1536
247 
1430
181 
639 
451 
58  
860 
882 
806 
125 
1002
283 
362 
979 
44  
933 
871 
366 
1354
523 
1040
748 
151 
1257
902 
920 
864 
1251
898 
260 
840 
714 
750 
172 
977 
511 
1444
359 
364 
1431
1369
891 
131 
1813
809 
520 
105 
138 
962 
931 
492 
677 
304 
250 
392 
242 
771 
818 
566 
826 
304 
1451
230 
120 
934 
1469
1344
476 
512 
580 
812 
1038
212 
1558
879 
152 
1511
721 
835 
532 
85  
565 
850 
947 
511 
363 
188 
1004
451 
1558
401 
501 
1593
637 
366 
716 
1107
798 
24  
424 
1444
1390
1078
684 
288 
528 
323 
656 
1065
853 
397 
171 
921 
411 
724 
1143
875 
654 
1440
1055
627 
421 
868 
1167
198 
1074
459 
685 
476 
667 
489 
411 
508 
630 
234 
85  
734 
616 
542 
600 
1150
695 
69  
279 
717 
865 
334 
1845
497 
1208
539 
929 
218 
1051
656 
514 
957 
807 
387 
762 
569 
286 
1005
173 
288 
1440
401 
470 
682 
570 
721 
901 
393 
863 
903 
778 
485 
679 
585 
901 
1371
115 
250 
1043
641 
972 
1777
811 
91  
200 
577 
1095
660 
984 
1366
210 
931 
733 
766 
337 
975 
827 
829 
998 
396 
699 
95  
1005
236 
901 
305 
400 
224 
283 
855 
135 
614 
1585
98  
565 
820 
508 
390 
83  
420 
874 
316 
840 
1449
453 
1552
254 
607 
577 
1232
79  
322 
916 
176 
860 
1397
141 
181 
231 
1027
546 
1478
732 
96  
451 
901 
236 
999 
119 
244 
443 
594 
329 
205 
342 
277 
49  
496 
396 
754 
1074
1670
560 
516 
796 
106 
845 
215 
261 
213 
606 
380 
805 
826 
214 
870 
543 
632 
955 
352 
819 
461 
54  
488 
113 
731 
308 
365 
1236
70  
166 
899 
111 
988 
311 
929 
357 
227 
1669
1720
821 
309 
497 
1090
75  
1014
216 
305 
799 
800 
629 
1203
545 
1710
550 
620 
220 
1404
1163
55  
171 
715 
867 
1659
725 
352 
950 
810 
973 
966 
247 
62  
1149
534 
747 
1251
255 
677 
926 
1614
675 
142 
916 
312 
665 
983 
701 
1035
196 
1562
447 
140 
1004
1398
201 
731 
643 
620 
415 
434 
1478
808 
624 
1657
475 
966 
127 
435 
1153
1238
1514
842 
154 
1057
954 
504 
1076
1061
850 
67  
537 
404 
651 
836 
181 
872 
882 
1710
1508
1296
311 
380 
260 
342 
1423
481 
872 
1095
773 
820 
562 
125 
716 
1102
266 
396 
375 
1181
880 
858 
695 
1011
1747
386 
488 
320 
887 
582 
64  
1314
605 
118 
992 
472 
295 
217 
1518
1064
668 
66  
133 
249 
492 
520 
1665
1447
863 
370 
761 
47  
1132
953 
251 
642 
650 
280 
1042
1153
950 
543 
477 
280 
874 
782 
64  
645 
270 
955 
735 
369 
511 
432 
991 
453 
1040
952 
1316
619 
690 
927 
942 
412 
674 
450 
1945
1100
214 
1282
1870
278 
613 
1035
924 
591 
400 
285 
465 
824 
215 
813 
156 
170 
599 
1188
575 
236 
578 
1533
199 
1381
1648
1531
180 
1104
346 
899 
136 
894 
1285
288 
1030
1446
1229
476 
159 
640 
559 
529 
280 
1579
568 
1928
905 
508 
1015
1574
839 
652 
573 
709 
203 
546 
591 
155 
168 
776 
950 
728 
697 
956 
971 
826 
548 
325 
242 
1033
605 
304 
986 
694 
288 
1017
107 
842 
1048
944 
997 
396 
825 
1423
115 
1292
390 
647 
1479
92  
277 
855 
830 
663 
950 
715 
629 
1076
207 
980 
412 
964 
301 
481 
439 
187 
667 
735 
1329
32  
974 
562 
526 
839 
297 
867 
505 
876 
384 
165 
1263
793 
831 
1563
1540
443 
368 
208 
44  
46  
295 
45  
790 
865 
876 
609 
103 
912 
732 
93  
255 
185 
668 
712 
554 
680 
101 
1500
325 
573 
169 
626 
607 
775 
747 
256 
880 
998 
751 
1476
286 
758 
957 
517 
173 
344 
296 
1393
265 
281 
708 
114 
535 
556 
299 
497 
447 
465 
779 
777 
129 
756 
925 
218 
549 
891 
145 
994 
770 
950 
185 
436 
182 
727 
567 
900 
717 
987 
748 
198 
328 
592 
692 
905 
1309
499 
562 
1535
320 
270 
886 
781 
270 
617 
28  
960 
837 
109 
144 
420 
116 
356 
639 
849 
1796
737 
543 
111 
691 
1023
1245
1016
935 
753 
1096
1233
365 
607 
377 
514 
287 
860 
341 
645 
582 
913 
557 
583 
233 
881 
299 
833 
152 
1043
1788
873 
825 
514 
671 
429 
700 
279 
594 
1383
323 
40  
769 
512 
145 
655 
211 
765 
398 
991 
176 
374 
823 
66  
959 
1351
386 
696 
809 
1297
62  
324 
664 
903 
374 
636 
1627
418 
356 
1067
1318
632 
204 
970 
760 
677 
397 
352 
738 
1010
88  
603 
406 
763 
275 
349 
765 
176 
746 
849 
946 
314 
456 
913 
710 
653 
321 
343 
931 
1081
968 
1131
179 
360 
803 
114 
850 
164 
123 
818 
1200
718 
1028
1107
214 
515 
507 
179 
74  
455 
83  
1072
1146
162 
1084
1314
710 
779 
1303
890 
1018
346 
457 
541 
576 
917 
1062
1015
1015
465 
1363
1031
530 
920 
147 
389 
212 
289 
1399
1508
296 
228 
1082
35  
465 
830 
317 
930 
295 
82  
246 
574 
914 
1429
922 
88  
248 
378 
1245
1242
417 
1082
922 
715 
801 
368 
1231
1438
128 
904 
225 
122 
630 
1597
449 
486 
903 
315 
409 
578 
561 
313 
561 
618 
1588
1028
380 
825 
975 
901 
451 
104 
218 
222 
400 
1836
1018
469 
689 
552 
828 
863 
704 
595 
1337
475 
434 
1049
1061
214 
917 
558 
563 
146 
693 
62  
1105
991 
344 
512 
471 
1542
554 
1652
1023
858 
360 
763 
458 
321 
675 
813 
551 
387 
284 
420 
352 
148 
187 
1149
870 
839 
590 
693 
637 
903 
278 
1115
374 
630 
162 
1031
355 
278 
820 
417 
239 
1015
149 
852 
1037
981 
69  
1587
1314
664 
1078
1744
940 
454 
710 
1447
921 
1206
213 
1108
32  
934 
795 
492 
1849
521 
602 
1824
852 
464 
984 
193 
769 
822 
157 
614 
209 
365 
1739
422 
242 
1384
792 
743 
289 
345 
778 
1028
658 
149 
636 
325 
1335
125 
702 
763 
830 
585 
1428
820 
419 
1008
856 
441 
510 
587 
977 
937 
646 
867 
719 
809 
877 
425 
279 
880 
50  
599 
163 
705 
243 
1188
1316
506 
932 
658 
1429
1619
395 
878 
418 
309 
1310
1069
762 
553 
92  
838 
630 
106 
277 
449 
1085
1720
538 
299 
698 
1520
1531
717 
934 
1034
435 
981 
1195
1473
683 
32  
1014
616 
251 
933 
1058
206 
641 
334 
268 
1123
415 
666 
122 
785 
223 
157 
1441
391 
922 
582 
1036
693 
672 
1730
1551
150 
650 
547 
1661
313 
1637
701 
1363
1444
703 
886 
357 
302 
142 
744 
791 
518 
751 
372 
653 
311 
1008
1460
426 
631 
1519
1223
1049
404 
1181
1462
908 
549 
624 
1690
819 
141 
472 
134 
368 
776 
535 
1293
376 
1005
555 
1509
388 
805 
741 
89  
85  
992 
1693
936 
808 
845 
760 
283 
224 
482 
479 
810 
1018
861 
1057
532 
745 
1416
883 
719 
907 
456 
169 
183 
958 
582 
120 
708 
1626
360 
997 
518 
463 
1085
615 
1694
275 
897 
351 
1092
1273
730 
1046
257 
1325
237 
653 
1631
56  
66  
989 
138 
748 
1221
286 
853 
575 
267 
319 
654 
1007
450 
265 
572 
711 
770 
812 
941 
812 
274 
152 
1001
487 
1031
1353
956 
948 
1210
659 
1362
533 
606 
498 
994 
738 
1238
208 
787 
1021
914 
907 
1091
913 
931 
858 
1503
693 
890 
83  
492 
770 
764 
495 
348 
1197
1535
617 
320 
238 
857 
478 
403 
806 
131 
1439
285 
810 
88  
947 
225 
861 
296 
871 
1001
345 
834 
895 
847 
528 
702 
904 
1564
260 
908 
925 
718 
853 
1042
1004
816 
1042
391 
1176
832 
964 
663 
320 
707 
182 
1312
453 
1123
1237
219 
201 
992 
632 
1491
586 
351 
733 
954 
756 
170 
1773
655 
114 
546 
519 
317 
954 
908 
251 
553 
1069
601 
588 
336 
1227
466 
151 
538 
254 
477 
826 
1434
964 
1474
514 
452 
752 
926 
102 
1377
498 
1315
1133
482 
450 
893 
576 
1059
1031
119 
777 
589 
554 
854 
160 
859 
892 
466 
1228
291 
634 
255 
383 
659 
875 
236 
1369
295 
777 
178 
814 
706 
628 
1121
107 
299 
778 
1461
1251
929 
1751
571 
1742
640 
614 
720 
363 
397 
269 
859 
1555
843 
964 
1561
1094
295 
412 
892 
673 
861 
882 
710 
847 
158 
466 
722 
445 
729 
1028
292 
831 
741 
781 
499 
1178
1742
1619
1112
692 
1232
757 
188 
573 
495 
864 
1789
1056
589 
743 
199 
707 
638 
1021
995 
974 
736 
700 
403 
431 
614 
691 
55  
864 
685 
762 
1012
497 
472 
1259
721 
1677
1500
950 
885 
244 
1504
705 
461 
925 
325 
1616
217 
801 
562 
708 
512 
728 
1559
1526
423 
235 
1018
92  
793 
331 
974 
502 
129 
1413
587 
1626
1122
136 
900 
648 
1016
573 
468 
1541
1461
372 
304 
755 
783 
975 
614 
516 
25  
840 
891 
717 
384 
485 
914 
803 
117 
880 
1559
1064
294 
917 
1029
1008
1385
43  
408 
167 
97  
590 
1596
796 
1214
535 
499 
920 
135 
128 
503 
645 
520 
1160
1405
307 
860 
956 
811 
1185
131 
1304
858 
70  
366 
735 
294 
772 
317 
433 
577 
422 
329 
98  
362 
90  
1528
741 
335 
495 
114 
140 
832 
57  
314 
940 
222 
505 
709 
583 
1632
1430
585 
932 
1327
667 
378 
621 
1191
135 
1411
702 
765 
614 
677 
279 
504 
765 
542 
1249
522 
928 
1399
523 
380 
728 
255 
873 
202 
99  
614 
767 
836 
593 
324 
914 
1182
729 
421 
71  
1013
641 
188 
134 
547 
769 
245 
304 
918 
525 
772 
493 
94  
97  
506 
1141
217 
148 
84  
767 
823 
693 
1748
820 
136 
296 
568 
343 
656 
634 
1009
1398
1444
1005
229 
1132
626 
35  
1497
750 
1252
748 
576 
702 
519 
88  
110 
418 
158 
467 
997 
353 
249 
553 
613 
828 
1078
390 
1046
1067
768 
642 
593 
184 
184 
460 
306 
1521
445 
448 
1092
963 
245 
444 
568 
1274
89  
1585
610 
206 
1562
829 
837 
1025
1538
419 
1525
282 
1531
1712
685 
381 
85  
654 
191 
537 
835 
701 
164 
272 
186 
1188
161 
935 
599 
254 
1379
839 
373 
1702
624 
332 
714 
716 
1084
684 
649 
840 
391 
300 
480 
928 
685 
147 
1295
1342
604 
529 
956 
821 
136 
1211
262 
196 
1190
884 
1254
854 
47  
1206
1045
161 
162 
636 
256 
924 
329 
857 
37  
1036
811 
25  
128 
595 
1345
571 
671 
176 
167 
657 
625 
976 
653 
181 
414 
584 
1260
470 
606 
939 
1615
594 
897 
606 
858 
68  
1347
329 
757 
563 
552 
432 
594 
53  
675 
314 
507 
518 
32  
787 
1317
747 
787 
1281
643 
1296
699 
620 
184 
780 
412 
1940
986 
769 
1029
622 
522 
844 
749 
750 
682 
956 
913 
434 
432 
435 
476 
375 
792 
178 
861 
747 
842 
195 
153 
610 
599 
189 
822 
826 
74  
554 
1424
135 
51  
445 
800 
605 
863 
902 
815 
1025
96  
882 
340 
1261
679 
1039
811 
132 
1527
276 
473 
814 
198 
435 
1204
762 
819 
920 
729 
756 
688 
490 
465 
168 
342 
671 
1153
729 
237 
1134
135 
995 
1009
496 
1152
589 
979 
1343
899 
695 
1812
1086
888 
929 
741 
447 
1634
607 
382 
573 
556 
112 
522 
1237
174 
47  
774 
972 
865 
1021
894 
1699
364 
719 
1683
617 
710 
993 
477 
401 
498 
141 
511 
1513
362 
73  
963 
831 
1754
139 
353 
680 
1202
513 
668 
552 
762 
662 
1023
630 
1645
1215
1427
936 
515 
100 
1384
1044
124 
136 
802 
544 
392 
549 
128 
1280
770 
404 
930 
1047
729 
1219
746 
960 
165 
379 
447 
1438
1828
1456
1084
106 
700 
1091
102 
768 
237 
975 
1114
900 
178 
750 
529 
1171
1017
422 
812 
938 
446 
1003
692 
518 
1344
761 
813 
57  
532 
953 
190 
680 
288 
1151
1076
584 
318 
611 
522 
1069
822 
432 
1160
973 
1223
1192
772 
289 
874 
478 
862 
602 
282 
287 
482 
302 
861 
543 
595 
417 
146 
1144
358 
400 
1201
1058
436 
638 
435 
1188
739 
751 
886 
864 
243 
1631
251 
893 
930 
655 
1058
1106
360 
102 
895 
981 
91  
728 
760 
949 
836 
975 
129 
90  
68  
1040
998 
1087
308 
631 
682 
597 
201 
330 
830 
913 
1200
930 
1129
769 
1285
827 
990 
162 
851 
1009
251 
985 
782 
1116
717 
727 
110 
417 
1174
162 
749 
822 
541 
833 
650 
114 
129 
849 
600 
316 
676 
664 
523 
462 
539 
695 
1813
338 
1713
207 
166 
1684
717 
219 
1024
334 
1408
217 
619 
980 
630 
596 
1004
332 
501 
1024
1101
252 
1345
33  
754 
334 
369 
252 
99  
853 
548 
1343
469 
103 
841 
543 
153 
1707
169 
477 
677 
783 
1018
337 
952 
1013
1039
450 
168 
524 
227 
396 
844 
1716
792 
822 
664 
395 
833 
1008
359 
1033
927 
1178
712 
176 
1219
363 
295 
706 
1292
966 
896 
544 
106 
395 
1017
105 
504 
131 
272 
467 
1271
940 
353 
935 
878 
315 
117 
203 
995 
425 
839 
484 
302 
697 
404 
496 
708 
1257
975 
33  
491 
709 
554 
826 
438 
726 
938 
1640
1276
693 
364 
994 
444 
1164
1181
776 
1217
613 
781 
919 
979 
829 
1908
721 
586 
1499
894 
419 
1014
948 
537 
493 
838 
1349
520 
338 
282 
518 
129 
681 
593 
1052
701 
405 
645 
595 
688 
236 
858 
567 
550 
637 
1318
1418
333 
291 
956 
1934
666 
753 
685 
971 
920 
634 
213 
1377
827 
188 
1648
616 
868 
637 
601 
981 
823 
1465
566 
833 
440 
911 
786 
1453
409 
130 
1884
863 
383 
114 
1291
891 
744 
268 
940 
1028
988 
555 
324 
869 
194 
807 
887 
569 
778 
523 
1024
262 
128 
1048
1450
918 
1283
713 
903 
790 
1079
921 
444 
1308
548 
1005
515 
792 
596 
1589
535 
1540
172 
763 
1212
197 
1564
869 
836 
599 
784 
1051
427 
1041
1060
473 
455 
687 
845 
139 
859 
879 
380 
788 
675 
568 
1360
804 
360 
912 
271 
9   
324 
377 
424 
1057
233 
582 
996 
198 
1460
922 
601 
1830
744 
149 
291 
414 
985 
999 
365 
913 
655 
1040
744 
695 
1563
79  
451 
287 
779 
602 
503 
611 
121 
1372
554 
709 
337 
230 
237 
707 
484 
294 
539 
585 
850 
1053
1187
818 
298 
982 
774 
770 
898 
786 
118 
142 
1553
682 
281 
1031
1423
1005
777 
587 
1028
1648
484 
933 
1746
831 
779 
214 
236 
1068
1075
1382
977 
202 
1545
1244
924 
460 
93  
236 
212 
679 
610 
327 
797 
559 
751 
808 
846 
1617
431 
244 
1897
727 
274 
911 
225 
312 
551 
643 
686 
183 
742 
821 
178 
910 
906 
293 
608 
554 
785 
755 
478 
996 
608 
1383
936 
775 
939 
21  
665 
1040
80  
983 
601 
584 
1662
760 
673 
542 
858 
1283
276 
418 
1403
751 
616 
250 
1132
1652
155 
992 
859 
349 
1587
683 
861 
726 
1241
1477
147 
975 
1404
1228
566 
1158
859 
163 
439 
330 
1119
563 
9   
180 
968 
920 
289 
1205
706 
1215
544 
626 
291 
275 
706 
552 
262 
793 
1184
211 
551 
965 
866 
446 
851 
692 
877 
564 
211 
246 
677 
519 
247 
1034
237 
846 
766 
1364
1190
220 
1330
212 
304 
611 
411 
570 
286 
185 
499 
717 
1407
889 
305 
133 
676 
407 
137 
705 
659 
874 
616 
930 
223 
1199
811 
516 
293 
859 
986 
408 
772 
260 
961 
500 
1110
457 
872 
998 
491 
1039
1407
581 
197 
657 
1237
687 
478 
782 
71  
496 
331 
1834
806 
1028
509 
1424
601 
979 
586 
926 
1167
1287
1028
69  
539 
1102
497 
939 
435 
635 
274 
1882
378 
861 
780 
662 
450 
679 
990 
668 
901 
1335
123 
1540
855 
85  
1202
532 
625 
460 
1028
1042
813 
969 
191 
1017
1007
975 
688 
350 
950 
826 
221 
452 
997 
833 
133 
805 
649 
270 
414 
381 
611 
961 
629 
792 
882 
1564
497 
274 
777 
725 
1602
576 
880 
252 
522 
516 
1538
1351
393 
102 
186 
1646
1440
433 
745 
863 
1191
1040
682 
1705
925 
1420
1074
793 
1634
510 
632 
88  
1217
674 
998 
1272
1112
1457
6   
135 
408 
1512
764 
436 
889 
578 
330 
1013
154 
1383
775 
595 
796 
1258
516 
1011
966 
1719
348 
962 
901 
279 
829 
1027
799 
935 
111 
693 
668 
567 
80  
322 
565 
228 
819 
811 
1169
725 
608 
418 
922 
876 
62  
594 
293 
447 
776 
182 
1541
293 
1012
131 
407 
606 
289 
232 
791 
649 
757 
138 
403 
121 
185 
273 
853 
817 
814 
610 
1658
751 
397 
846 
308 
172 
1359
652 
432 
1515
403 
762 
1048
673 
274 
405 
957 
1628
1462
243 
284 
189 
1689
1349
130 
345 
428 
318 
1130
770 
1247
314 
996 
773 
1656
492 
229 
484 
364 
867 
833 
471 
844 
632 
1264
699 
806 
322 
888 
836 
314 
641 
1139
1177
231 
681 
440 
822 
228 
983 
516 
39  
845 
521 
681 
924 
379 
647 
617 
883 
619 
131 
144 
670 
800 
1553
792 
1036
807 
487 
411 
676 
478 
1115
313 
117 
749 
1243
658 
954 
966 
764 
670 
344 
438 
493 
189 
654 
84  
365 
413 
1347
358 
1624
712 
1328
1094
939 
540 
1221
350 
1007
82  
421 
625 
721 
1009
1472
1061
567 
545 
643 
264 
610 
418 
965 
649 
1035
1148
858 
916 
1400
678 
229 
1204
695 
658 
329 
1352
622 
887 
273 
661 
578 
936 
1060
619 
1397
705 
86  
975 
409 
743 
75  
1790
768 
136 
998 
987 
269 
969 
1107
908 
504 
452 
1797
682 
598 
1210
726 
977 
1315
549 
637 
839 
154 
1007
699 
657 
88  
47  
758 
1585
699 
860 
255 
1337
1355
241 
1459
390 
1033
364 
1033
640 
611 
360 
448 
779 
659 
711 
965 
767 
1333
1373
765 
741 
1605
866 
1206
1015
228 
205 
468 
803 
136 
1475
744 
844 
548 
577 
286 
464 
1142
1173
627 
706 
306 
898 
955 
336 
798 
1054
462 
391 
612 
1622
777 
1613
414 
477 
713 
748 
548 
153 
189 
142 
153 
351 
221 
179 
989 
613 
578 
931 
674 
983 
1448
520 
1873
1023
1322
719 
537 
1048
509 
848 
701 
464 
1034
623 
893 
400 
199 
382 
188 
659 
1638
543 
716 
602 
942 
1279
629 
1007
552 
944 
137 
1292
515 
991 
431 
394 
218 
563 
348 
897 
1108
935 
792 
334 
692 
150 
598 
1018
1147
1176
829 
155 
936 
645 
582 
608 
576 
360 
663 
1173
1636
1137
1051
301 
730 
905 
649 
571 
427 
398 
1786
84  
110 
357 
212 
895 
1090
351 
799 
676 
313 
1553
503 
63  
1257
1138
501 
1222
1056
1509
727 
974 
291 
503 
662 
817 
1283
811 
1212
781 
1657
1362
391 
532 
586 
861 
1737
955 
195 
206 
1151
115 
578 
763 
1218
789 
709 
411 
168 
246 
536 
762 
546 
1123
1122
291 
1039
825 
437 
249 
909 
952 
1547
679 
815 
505 
999 
991 
194 
645 
1479
941 
624 
708 
110 
446 
922 
825 
922 
188 
1776
502 
609 
594 
1305
1295
412 
1667
1485
869 
798 
997 
423 
1117
1054
315 
864 
830 
626 
274 
752 
872 
255 
512 
1508
434 
94  
640 
751 
1483
659 
525 
37  
990 
234 
924 
107 
1087
467 
586 
157 
695 
805 
1125
865 
507 
128 
34  
1365
51  
847 
395 
706 
874 
1660
179 
896 
369 
441 
1288
656 
1590
667 
1465
518 
110 
560 
625 
632 
159 
197 
522 
165 
1397
879 
200 
345 
1226
1636
925 
980 
314 
1125
893 
295 
992 
1339
189 
361 
540 
178 
481 
998 
901 
353 
1122
835 
170 
1084
807 
425 
1283
1115
646 
587 
1054
701 
184 
565 
1714
1052
993 
815 
1659
1288
495 
642 
686 
208 
514 
1051
1219
776 
290 
935 
643 
866 
884 
743 
988 
696 
616 
1005
272 
531 
1055
1369
257 
872 
881 
141 
58  
81  
977 
1479
195 
457 
919 
1193
1696
1039
512 
537 
1297
571 
650 
555 
699 
934 
983 
998 
676 
676 
1093
158 
289 
271 
570 
572 
196 
1204
832 
219 
658 
1129
1109
654 
1066
512 
177 
565 
973 
335 
848 
943 
246 
969 
922 
694 
223 
60  
136 
589 
1125
259 
1071
157 
188 
874 
1610
863 
1064
988 
1037
507 
505 
1003
1203
257 
863 
596 
691 
731 
333 
710 
1096
581 
365 
878 
1487
1449
612 
829 
588 
584 
63  
990 
666 
785 
993 
748 
159 
694 
835 
271 
476 
207 
705 
33  
860 
1080
112 
93  
736 
147 
639 
914 
678 
170 
377 
1537
877 
526 
1003
284 
679 
813 
370 
194 
355 
872 
331 
493 
241 
714 
469 
399 
312 
426 
868 
385 
823 
138 
927 
282 
602 
1963
608 
522 
397 
1166
1036
492 
891 
951 
1658
198 
766 
801 
394 
118 
452 
1206
375 
1829
289 
1321
172 
1020
502 
999 
564 
667 
238 
176 
1099
978 
1116
1158
1033
397 
629 
1099
892 
707 
34  
635 
421 
315 
381 
670 
608 
42  
829 
1029
1674
896 
894 
694 
1366
1262
239 
991 
1043
864 
341 
110 
490 
340 
117 
530 
673 
797 
244 
1494
231 
970 
873 
912 
960 
406 
458 
1006
221 
584 
231 
256 
969 
844 
199 
457 
645 
888 
276 
519 
1024
1266
866 
426 
485 
603 
1638
709 
922 
615 
385 
815 
476 
523 
448 
626 
707 
252 
1085
1031
640 
862 
482 
605 
452 
434 
770 
439 
541 
1123
1372
310 
57  
924 
1184
1094
244 
634 
354 
92  
573 
1173
845 
345 
1066
781 
109 
893 
841 
872 
119 
876 
291 
449 
54  
417 
419 
491 
1053
641 
1507
1585
151 
274 
375 
1648
151 
947 
321 
989 
187 
194 
319 
992 
525 
1540
982 
876 
515 
576 
915 
1033
176 
527 
597 
819 
1006
743 
700 
241 
591 
695 
1021
904 
616 
976 
127 
86  
333 
908 
401 
795 
1418
440 
647 
602 
273 
928 
680 
200 
487 
269 
796 
817 
1350
1406
394 
393 
845 
993 
801 
54  
270 
999 
357 
65  
409 
234 
353 
1111
585 
723 
476 
1039
753 
937 
568 
1046
641 
98  
953 
1198
836 
921 
243 
634 
903 
882 
456 
1217
626 
526 
855 
60  
920 
288 
1347
794 
869 
453 
1735
1214
1024
601 
712 
929 
1361
984 
1412
1237
604 
254 
998 
685 
277 
954 
740 
136 
599 
286 
820 
279 
773 
705 
696 
823 
940 
1028
353 
822 
1017
1405
290 
155 
682 
695 
284 
822 
1021
1221
320 
1113
209 
625 
1031
1329
297 
854 
664 
1040
864 
448 
1179
1032
953 
861 
117 
92  
979 
846 
672 
266 
864 
675 
668 
321 
851 
516 
221 
885 
693 
284 
631 
216 
1692
609 
1454
1486
1094
412 
769 
772 
269 
834 
209 
351 
339 
552 
376 
99  
1284
1556
812 
632 
762 
590 
667 
918 
560 
744 
135 
1073
484 
659 
175 
58  
590 
476 
355 
1492
894 
1097
1499
507 
390 
402 
433 
893 
1395
1018
869 
1822
521 
1118
674 
224 
635 
134 
805 
903 
376 
120 
1194
1226
600 
1114
408 
979 
614 
1561
925 
156 
289 
1436
323 
1452
582 
569 
744 
657 
587 
254 
670 
1244
918 
747 
908 
997 
757 
631 
921 
344 
628 
272 
811 
904 
424 
772 
896 
538 
86  
980 
335 
857 
1016
1512
556 
101 
936 
498 
465 
977 
842 
687 
881 
963 
130 
362 
691 
1215
883 
593 
1181
232 
1005
893 
705 
1275
1131
320 
939 
566 
1241
447 
786 
799 
954 
384 
799 
307 
125 
224 
942 
1547
858 
808 
669 
190 
847 
667 
849 
498 
274 
1078
523 
993 
1559
837 
396 
100 
854 
842 
676 
230 
288 
655 
506 
1108
340 
938 
421 
396 
638 
608 
744 
1122
887 
253 
1151
138 
155 
361 
876 
544 
837 
655 
486 
1011
1003
285 
837 
293 
1834
873 
711 
579 
585 
874 
781 
906 
387 
576 
975 
290 
701 
809 
974 
933 
437 
886 
156 
1626
851 
547 
1359
1127
225 
708 
1280
977 
193 
1955
851 
792 
105 
608 
385 
740 
625 
338 
236 
784 
561 
974 
670 
193 
856 
1080
755 
448 
765 
622 
1002
1353
635 
242 
712 
419 
943 
1034
920 
218 
323 
665 
887 
122 
792 
757 
1218
249 
619 
480 
616 
844 
936 
667 
1009
939 
231 
516 
465 
1513
165 
717 
1022
549 
552 
425 
199 
626 
986 
983 
437 
836 
1026
1429
108 
509 
235 
728 
1488
152 
1047
215 
1364
1912
598 
224 
660 
573 
374 
575 
865 
238 
322 
1924
299 
564 
451 
1243
717 
939 
68  
850 
279 
952 
567 
559 
914 
769 
1156
303 
146 
462 
1782
699 
650 
765 
526 
1445
837 
339 
1475
339 
460 
947 
255 
230 
495 
448 
1169
884 
309 
1020
1015
232 
672 
987 
1326
123 
1042
36  
180 
917 
414 
884 
880 
104 
375 
165 
569 
464 
1656
1448
290 
492 
797 
1155
947 
328 
796 
302 
102 
1657
932 
1130
544 
1027
892 
1102
630 
411 
524 
1547
1350
757 
1020
1377
1536
142 
799 
202 
812 
426 
972 
624 
101 
549 
624 
901 
603 
96  
1741
625 
830 
927 
194 
794 
166 
663 
1170
671 
620 
786 
908 
360 
1206
602 
1224
271 
1458
1510
553 
362 
662 
530 
606 
90  
824 
1056
822 
290 
1124
755 
781 
650 
847 
1173
1465
1639
579 
253 
881 
629 
1336
764 
574 
1741
333 
890 
1405
427 
168 
1269
438 
572 
805 
884 
674 
723 
312 
970 
1082
162 
111 
1468
823 
958 
103 
178 
939 
721 
943 
342 
406 
940 
450 
927 
883 
538 
1325
1429
979 
1406
1106
213 
283 
1194
669 
551 
366 
814 
1012
969 
539 
738 
690 
427 
1897
1035
1102
540 
115 
1450
717 
1043
717 
962 
934 
1008
1072
579 
1087
327 
564 
750 
16  
195 
604 
861 
613 
232 
465 
1028
843 
1156
421 
184 
1912
739 
594 
387 
537 
121 
1010
81  
131 
835 
234 
1082
345 
569 
534 
1086
632 
506 
119 
705 
266 
1149
995 
115 
706 
330 
282 
104 
584 
1248
1040
522 
1058
988 
195 
1096
656 
253 
968 
855 
56  
1245
602 
1030
127 
565 
140 
1266
1098
1802
696 
343 
599 
246 
122 
546 
915 
609 
450 
992 
875 
998 
134 
247 
63  
426 
619 
154 
368 
1015
885 
914 
390 
968 
900 
667 
701 
84  
207 
532 
946 
583 
327 
564 
744 
1230
243 
152 
695 
50  
889 
1256
147 
787 
658 
854 
866 
1003
171 
445 
365 
719 
809 
775 
1249
1207
1067
1416
888 
237 
342 
234 
428 
167 
199 
1027
699 
799 
1587
1336
1051
733 
1486
160 
911 
142 
1555
1685
254 
525 
926 
370 
968 
820 
496 
1007
858 
306 
1034
750 
1113
548 
628 
1182
852 
707 
147 
347 
96  
1277
417 
315 
739 
160 
267 
1162
311 
366 
1303
699 
958 
733 
213 
121 
453 
1375
1759
676 
296 
968 
725 
405 
779 
738 
1314
265 
976 
726 
664 
955 
770 
769 
1016
1120
912 
1005
1154
1533
1044
537 
557 
778 
849 
955 
583 
737 
671 
777 
739 
759 
302 
504 
987 
1144
822 
892 
433 
432 
915 
1363
239 
1144
523 
501 
660 
403 
781 
503 
114 
255 
479 
631 
282 
973 
807 
988 
147 
590 
1557
923 
181 
1373
825 
205 
1069
746 
867 
717 
1667
573 
611 
1764
450 
724 
1037
906 
498 
120 
475 
751 
655 
332 
416 
1335
161 
426 
892 
210 
208 
722 
856 
696 
652 
332 
207 
450 
514 
561 
1544
510 
537 
1129
653 
821 
1510
702 
430 
862 
979 
1183
950 
250 
807 
105 
553 
874 
550 
434 
585 
940 
335 
557 
203 
1127
860 
792 
652 
987 
404 
882 
458 
988 
1315
949 
118 
663 
290 
775 
415 
150 
830 
264 
994 
255 
834 
872 
813 
530 
619 
848 
628 
1277
702 
146 
1208
98  
367 
115 
868 
378 
497 
467 
105 
14  
790 
880 
593 
709 
860 
802 
570 
993 
323 
103 
1137
393 
1558
1573
891 
734 
857 
975 
369 
457 
862 
966 
623 
367 
73  
668 
268 
470 
665 
1026
858 
415 
1340
905 
760 
535 
175 
1248
954 
1523
1688
1319
156 
1020
665 
1501
208 
708 
617 
209 
1160
1035
324 
741 
900 
430 
945 
682 
594 
581 
1283
493 
1324
573 
145 
881 
704 
432 
582 
960 
156 
518 
655 
226 
175 
1839
1175
864 
721 
446 
138 
173 
486 
299 
412 
481 
304 
1062
626 
443 
555 
344 
463 
233 
1330
266 
644 
1925
157 
309 
81  
710 
763 
717 
135 
938 
767 
1055
501 
719 
541 
108 
946 
219 
598 
945 
579 
1564
1068
778 
1602
910 
366 
1829
1021
855 
150 
103 
316 
323 
454 
1083
383 
466 
302 
122 
739 
846 
1656
917 
471 
1439
1104
198 
202 
935 
899 
642 
651 
1211
430 
548 
534 
518 
1642
607 
1173
653 
1313
475 
106 
397 
367 
582 
920 
997 
415 
725 
954 
380 
1019
251 
725 
146 
1667
787 
337 
472 
1034
733 
376 
410 
1464
1484
90  
319 
928 
1052
982 
849 
913 
359 
914 
1410
755 
550 
414 
1430
665 
991 
687 
466 
668 
500 
462 
697 
956 
446 
155 
524 
195 
760 
324 
968 
621 
771 
1077
259 
351 
1811
1403
1494
616 
315 
549 
756 
826 
597 
713 
1321
1541
1003
596 
869 
671 
183 
703 
833 
1301
593 
441 
1323
288 
669 
921 
1477
448 
667 
101 
1045
1459
1021
1397
210 
121 
1512
497 
959 
1255
1015
976 
275 
428 
528 
372 
606 
266 
124 
1090
922 
243 
407 
846 
455 
232 
794 
757 
386 
682 
919 
98  
167 
128 
627 
537 
340 
78  
863 
624 
234 
291 
492 
808 
383 
945 
383 
1144
105 
1007
992 
139 
1131
575 
921 
637 
419 
928 
1123
1059
577 
824 
216 
1282
91  
79  
754 
919 
316 
241 
611 
1949
864 
707 
286 
689 
496 
1004
230 
66  
336 
452 
167 
396 
830 
252 
165 
983 
734 
1417
1010
1682
665 
983 
1325
103 
505 
1114
376 
343 
1021
1071
949 
635 
159 
1170
383 
224 
232 
527 
93  
963 
1458
352 
490 
580 
315 
713 
560 
69  
889 
101 
587 
1149
326 
1431
562 
267 
685 
177 
784 
652 
170 
778 
407 
770 
613 
1290
180 
1063
527 
931 
766 